{"algorithm description": "Algorithm 3: BM + SIFT + BF + Filter: Top 100 Matches ", "odometry": [[1.0, 9.04368e-12, 2.326809e-11, 5.5511150000000004e-17, 9.043683e-12, 1.0, 2.39237e-10, 3.330669e-16, 2.32681e-11, 2.39237e-10, 0.9999999, -4.440892e-16], [0.9999920502350996, -0.0025078065776839246, -0.003100060123790286, -0.00962771496942791, 0.0025015094158849453, 0.999994803609701, -0.0020335201591555516, -0.008501871203749687, 0.003105143427117273, 0.0020257494393387645, 0.9999930271874481, 0.6558131637526957], [0.9999745418190613, -0.0011696147728785708, -0.007039013783310732, -0.021659579559632165, 0.0011442424340605746, 0.9999928383681671, -0.0036074813415079964, -0.01129024662571297, 0.007043182078719686, 0.0035993352818130563, 0.9999686186934795, 1.3392837463710245], [0.9999403674170307, -0.0010307154666333996, -0.010871947181660414, -0.03765509809022186, 0.0009765622377834146, 0.9999870972675923, -0.0049851403722426845, -0.015409160442290296, 0.01087694412442635, 0.0049742259433742594, 0.9999283720161104, 2.0462186096358455], [0.9998810823350964, 0.0002369387328355485, -0.015419631916267542, -0.047167764455702366, -0.0003159806121810369, 0.9999868232171624, -0.005123821649931576, -0.03550371061831354, 0.015418213207875339, 0.0051280846074283, 0.9998678819972897, 2.707320393711786], [0.9998036173195177, -0.0010673337126953005, -0.019788572296991526, -0.06025362394375944, 0.0009663021303229585, 0.9999864544342834, -0.005114411808206854, -0.05066072662010883, 0.019793761101341647, 0.005094285655729485, 0.9997910057982776, 3.4146033914415694], [0.9997105025179639, 0.0007876374043946263, -0.024047677280751776, -0.09299320922175239, -0.0009422318709084473, 0.9999789604389275, -0.006418012042930014, -0.056925907254565894, 0.024042113903690376, 0.006438812367178455, 0.9996901112116459, 4.159102179407855], [0.9995748636046412, 0.0035218134029101453, -0.028942855424400633, -0.12576078942984326, -0.0037249234237814906, 0.9999687944958983, -0.006966705096898033, -0.06771660617121243, 0.02891741396561505, 0.00707155298859467, 0.9995566898920147, 4.929850409263093], [0.9994287409193437, 0.0039744733065886885, -0.03356181440730131, -0.1575198061156036, -0.004166206467707806, 0.99997538895986, -0.005644838194767494, -0.07057968537068529, 0.033538549848075534, 0.005781438878444841, 0.9994206024685469, 5.717149701747675], [0.9992682243619722, 0.003104176444464721, -0.038123219552819124, -0.19544142125295494, -0.003221481284241215, 0.9999902630079106, -0.003015948889728435, -0.07769455865649842, 0.038113482543442836, 0.0031365552950480607, 0.9992683946114287, 6.519723266205244], [0.9991280956599616, 0.0027116461136728392, -0.041661678293750504, -0.23307586012787104, -0.002730573654206543, 0.9999961930061517, -0.0003974175669192805, -0.08714105727789279, 0.04166043791134161, 0.0005108317654720088, 0.999131596419587, 7.324832057241986], [0.9990084623477795, 0.004238956210975343, -0.044318431919075224, -0.27789865616385634, -0.004291451550466472, 0.9999901982463285, -0.0010894286845781402, -0.0947468098133979, 0.04431337509333231, 0.0012785392292039676, 0.9990167616838503, 8.142762700865942], [0.9989231535278907, 0.0038578132764634956, -0.0462347339412372, -0.33307808946533424, -0.003928477986623045, 0.999991250112157, -0.001437622980684887, -0.09750523163760769, 0.046228778733207423, 0.001617707332834017, 0.9989294685010706, 8.958147005580642], [0.9988394851257161, 0.0008447514028985046, -0.048155678261872704, -0.3732799165505367, -0.000950009380213164, 0.9999972095820313, -0.002162940204656407, -0.10099484311213863, 0.0481537119712865, 0.002206178684330129, 0.9988374005807997, 9.801029271928995], [0.9987484541012555, 0.0008913693912555694, -0.050007308375479745, -0.4250135313001691, -0.0009659875281182214, 0.999998455925997, -0.0014679964978343732, -0.10816126341745899, 0.0500059176787738, 0.0015144659961117619, 0.99874767313364, 10.634342813385857], [0.9986883222854869, -0.0004196504155491353, -0.05120018382904668, -0.4780832747942307, 0.00032787439182723713, 0.9999983246627953, -0.0018008803365660582, -0.1164562321037483, 0.05120084871820208, 0.0017817312331082755, 0.9986866868664859, 11.469429645981133], [0.998585870966042, 0.0020066215884136747, -0.053124681427676984, -0.5308889132665334, -0.0022238163202034787, 0.9999894084245223, -0.004029600445286516, -0.12780864336503966, 0.0531160276041608, 0.004142041668224214, 0.9985796568638791, 12.330159814606827], [0.9985180928757759, 0.0025573886214045253, -0.05436062879660487, -0.5865698683934978, -0.0029202193199603355, 0.9999739813570224, -0.006596129782675377, -0.13848563463069663, 0.0543423401503961, 0.006745099693485721, 0.9984994810700273, 13.184846633974741], [0.9984076381070707, 0.006288092514345647, -0.05605932627129469, -0.6461102488350681, -0.006758855547526305, 0.9999434393068576, -0.008211946106839337, -0.14913074052699316, 0.056004512482877404, 0.008577766226114251, 0.9983935679420894, 14.06077625072706], [0.9983543664620189, 0.007227722215434903, -0.056888654385537946, -0.7052121539093584, -0.007682373361109392, 0.9999402455116905, -0.007777309660935213, -0.16275758919265443, 0.05682903715917135, 0.008201550600949377, 0.998350136526916, 14.929503935317712], [0.9982808996305015, 0.006338387972749193, -0.05826723153560142, -0.7611866445507324, -0.00671351781997459, 0.9999579659918008, -0.0062445919020130015, -0.1779200179632933, 0.05822519590483061, 0.00662503473524707, 0.9982813909297373, 15.814147302458721], [0.9981986310244125, 0.007157971789592391, -0.05956724318657068, -0.8219026653902883, -0.007456906464201389, 0.9999606877239735, -0.004797661157587078, -0.19015596436937382, 0.059530554029270745, 0.005233206115862657, 0.9982126660640644, 16.708706744829975], [0.9981460062019175, 0.006902339699463569, -0.06047237393913656, -0.8820260021818587, -0.007204197151124137, 0.9999626485121166, -0.004775052255397498, -0.20209171809023768, 0.06043715017253188, 0.005201854200776393, 0.9981583499585159, 17.60632218306472], [0.9980516290529876, 0.006955868921767977, -0.062004529126674694, -0.9447120576651533, -0.0073144156088605725, 0.9999578059732047, -0.005557481224138989, -0.21736892196503707, 0.06196324964160111, 0.006000179963606976, 0.9980602955404386, 18.48938213013838], [0.9980022817113124, 0.005438736817527337, -0.06294335422301359, -1.003850157147923, -0.005844830423907144, 0.9999632656134272, -0.006269400373830176, -0.23126168516134976, 0.06290693817182254, 0.006624768926022252, 0.9979973093984441, 19.384236725246993], [0.9979684437486614, 0.005234060452114078, -0.06349480209480395, -1.0651000344574837, -0.005531438185765498, 0.9999745374684971, -0.0045086146723544345, -0.24224212212156224, 0.06346958069149121, 0.00485067273457481, 0.9979718850252639, 20.301786832221154], [0.9979764574298415, 0.006376493702448842, -0.06326397666797842, -1.1325751208498347, -0.0064554219512219305, 0.9999786193228928, -0.00104327585717946, -0.2534145135195765, 0.06325596531714366, 0.0014495607415785012, 0.9979961831717912, 21.21252608180241], [0.9980357251519317, 0.007217419679124771, -0.06223021913534896, -1.2015452886875178, -0.007064441339766772, 0.9999714607434369, 0.002677940849853954, -0.2595666184434376, 0.062247764772435876, -0.0022330582032534197, 0.9980581291848221, 22.125689330167432], [0.9981414396402473, 0.006103960024139497, -0.06063339133611536, -1.2528144005684991, -0.005775045862579423, 0.9999676528590183, 0.005598399852836374, -0.2680155524347795, 0.06066559640528471, -0.0052378332704961054, 0.9981443034528786, 23.023111235895293], [0.9982338740351074, 0.006253592843678961, -0.059076436126485825, -1.3124544906475526, -0.005887480592894207, 0.9999623841428125, 0.00636929130219091, -0.27301600774681084, 0.05911403900244051, -0.006010229880482048, 0.9982330426957488, 23.95575226490139], [0.998325648144889, 0.006188428800078284, -0.0575117692744159, -1.3810413234342758, -0.0059968897294556235, 0.9999758848717573, 0.003502426090620329, -0.2747033085287107, 0.05753205117559692, -0.0031516692645961477, 0.9983385848840993, 24.908133323417243], [0.9983955978931052, 0.007489458466391683, -0.056126091254863626, -1.4446036515537766, -0.007582025702951752, 0.9999702242206181, -0.0014365091046889048, -0.2816653134503289, 0.056113655812944224, 0.001859754125788196, 0.9984225553070749, 25.804206687429183], [0.9984714552291442, 0.006734831026867175, -0.05485795424215655, -1.5073272504574071, -0.006983196741783211, 0.9999662121095365, -0.004337003870446822, -0.29010015166986736, 0.05482688627981177, 0.004713458460609518, 0.9984846497819644, 26.74532870065053], [0.9985288609792885, 0.004352873183883467, -0.05404781481660211, -1.5605741402492754, -0.00454366723964639, 0.9999838711301429, -0.003407721759465657, -0.3003709237328417, 0.054032104346848624, 0.0036482839264106565, 0.9985324339871263, 27.68466249917358], [0.9985252857881459, 0.0029966195344561714, -0.05420584759107933, -1.600182044567466, -0.0029147976864234084, 0.9999944903596782, 0.0015884598627049153, -0.3175395743458639, 0.05421030357025201, -0.0014281176377987461, 0.998528418958041, 28.614280008191862], [0.9984969182277316, -0.001255389216121017, -0.05479350588928511, -1.6646757858860806, 0.0015251112190009792, 0.9999869249472263, 0.004880980471284151, -0.3197943194408848, 0.054786656499585966, -0.0049572091749368235, 0.998485677587217, 29.59247867973088], [0.9984017771360774, -0.008825322817038002, -0.05582118852817454, -1.7090535205621076, 0.009078379776162245, 0.9999496250941485, 0.004281389343699507, -0.3269662790671929, 0.05578058637074072, -0.004781311722206151, 0.9984315025290232, 30.545205604486966], [0.9982831052922807, -0.011052236233313794, -0.05752121141148497, -1.739579287490639, 0.01110623331124044, 0.9999381322214504, 0.0006191212436995109, -0.3409528830599725, 0.057510804328362336, -0.0012569016683736522, 0.9983439926116211, 31.453913853404128], [0.9981949070720355, -0.010855114394925097, -0.05906855328280677, -1.7835125743791511, 0.010685788534329787, 0.9999378433370826, -0.003181726855737458, -0.35340495787260884, 0.059099413929266834, 0.002544789697142699, 0.9982487582354543, 32.396691994608666], [0.998084799473004, -0.009395692395350801, -0.06114289840484831, -1.8504888362222496, 0.00916448695831422, 0.9999497600337969, -0.004060737266066211, -0.3630158439481395, 0.061177973958983174, 0.0034926169736404986, 0.9981206626099679, 33.36917342303366], [0.9980428310342102, -0.009342355585716213, -0.06183225544430075, -1.9222189752016272, 0.009191908888247098, 0.9999540618916288, -0.0027171524476741174, -0.3745465398891579, 0.06185479345715928, 0.0021434783264988088, 0.9980827571033617, 34.35601711697917], [0.9979927435796383, -0.006108914267040059, -0.06303304632384951, -1.9921273050522388, 0.006122978560724261, 0.9999812539422955, 2.9958977686789868e-05, -0.3877797242365329, 0.06303167543210386, -0.0004158483138289556, 0.9980113400971022, 35.3340559636984], [0.9979092214377836, -0.006085735106823493, -0.06434399426245158, -2.0620428663121615, 0.006185314442878985, 0.9999799614891529, 0.0013485197055891074, -0.39920571129102445, 0.06433449178685859, -0.0017436874339720192, 0.9979267672132416, 36.330728413097724], [0.9978537550512335, -0.004907823760439842, -0.06529775490849324, -2.130915380303894, 0.005169933371889043, 0.9999792409773701, 0.003845699319268763, -0.40501909093293853, 0.06527751889758418, -0.004175029653002469, 0.9978583139173537, 37.30146006422684], [0.9978593534721911, -0.0050171327047697735, -0.06520382709231311, -2.2021005409830154, 0.005471795855398515, 0.9999619345538611, 0.006796241124158333, -0.41263015013023896, 0.06516724096826122, -0.007138473612963843, 0.9978487224519924, 38.29794405437662], [0.9978308914348064, 0.0008538310147699449, -0.06582387918543384, -2.2792997688817347, -0.0002604691847734901, 0.9999592630343406, 0.009022440225542801, -0.4178860277992914, 0.06582889482304177, -0.008985723103953923, 0.9977903654509236, 39.28246477122977], [0.9978178183029424, 0.0008974093498628436, -0.06602117943217867, -2.3517418816641804, -0.00034220455467815777, 0.999964489896952, 0.008420323103825341, -0.4248228407447776, 0.0660263849336076, -0.008379354364123653, 0.9977825930096452, 40.2800168034052], [0.9978285209489096, 0.000911297781985755, -0.06585903368001128, -2.4260108575300015, -0.0004703636354827648, 0.9999773749559713, 0.006710315507985143, -0.4274736845009976, 0.06586365217195757, -0.006664765358940049, 0.9978062738955359, 41.27561537027666], [0.9978395063251669, 0.003075397296620693, -0.06562668320291785, -2.508222291772162, -0.0027913057547151706, 0.9999863353285581, 0.004420154787574361, -0.4303699197770877, 0.06563937364910045, -0.004227420031274221, 0.997834355765948, 42.255076454348014], [0.9977873497844293, 0.0025045538786620846, -0.06643893301397084, -2.5907678932210634, -0.0022216928833739954, 0.9999881531820951, 0.004331001754403344, -0.4325781935099286, 0.06644898655174297, -0.004173810961815743, 0.9977809937497871, 43.258943486770185], [0.9977272173382951, 0.0006717113134684222, -0.06737914058738917, -2.662065905920741, -0.00030933910975358995, 0.9999854346451882, 0.00538839556743947, -0.43802075494739795, 0.06738177194066823, -0.00535530489802532, 0.9977127931021014, 44.22240625032913], [0.9976830269904645, 0.0012232854009871512, -0.06802265231504126, -2.7430016327566937, -0.0008079590367268417, 0.9999808672917809, 0.006132882892583752, -0.4394436587115361, 0.06802884636674716, -0.0060637125669178735, 0.9976648272099837, 45.20807025106969], [0.9976698682314838, 0.0035534845170116405, -0.068133741793344, -2.8214298986218997, -0.0033929826400601695, 0.9999911902159426, 0.002471266741566531, -0.44646452403967923, 0.06814191638850733, -0.002234331059248131, 0.9976730361173598, 46.160090275366244], [0.9976202616173607, 0.003843455526581971, -0.06884069624956428, -2.8988431461031934, -0.003969033294485814, 0.9999906995258794, -0.0016874941336439805, -0.4551971004513643, 0.06883356335096569, 0.00195670963749116, 0.9976261383122508, 47.088039199550025], [0.9975889165325601, 0.004649776792853742, -0.06924401192284273, -2.981216665347335, -0.0048715428682144, 0.9999835308550952, -0.003034153697789099, -0.46208971425104994, 0.06922875651694343, 0.003364163414686039, 0.9975950389189232, 48.065161627838634], [0.9975788384478463, 0.003334794035342466, -0.06946466893168442, -3.0533577385693556, -0.0033118456479847157, 0.9999944165772472, 0.00044552523651086347, -0.4755923183816475, 0.06946575991423495, -0.00021438978638216433, 0.9975842131051235, 49.05030942520346], [0.9976098960627781, 0.0018639834149546683, -0.0690725766382217, -3.1281857240704274, -0.0016171943196617866, 0.9999921087899053, 0.003628641681402783, -0.49137163802482253, 0.06907878843769229, -0.003508264242666177, 0.9976049383749036, 49.938065052633284], [0.9975959896747097, 0.00023664366851306267, -0.06929780216364767, -3.195915081744512, 5.3755421776515294e-05, 0.9999912259090109, 0.004188700914273745, -0.5012174916040056, 0.06929817848460836, -0.004182355469893404, 0.997587124195902, 50.8684132281165], [0.997607943737152, -0.0026573350849496305, -0.06907480845271619, -3.2773337573033707, 0.0028619888946275576, 0.9999918032579104, 0.002863989623027545, -0.513371682166738, 0.06906662482534934, -0.0030548293495739074, 0.997607272103051, 51.80760114992712], [0.9975758156849648, -0.005072292675223352, -0.06940290921492934, -3.34497479920813, 0.005195595720188923, 0.9999852288115018, 0.0015962280294922117, -0.5282636298171017, 0.06939378062526359, -0.001952947263100044, 0.9975873341254547, 52.74176977537703], [0.9974878611207613, -0.006513553321758312, -0.07053751157969056, -3.4112620999263905, 0.006726684253588859, 0.999973499046245, 0.0027844073270821205, -0.5403048754221531, 0.070517498880651, -0.0032518952742628324, 0.9975051416051718, 53.66593567606371], [0.9973831273836845, -0.00922192306897653, -0.07170671757410536, -3.47694553505423, 0.009731351034333625, 0.9999298111956199, 0.006758216431836826, -0.5513818006260546, 0.07163935370044945, -0.007438333058710047, 0.9974027642846698, 54.607045963436015], [0.9973358539222409, -0.009962341508611616, -0.07226303503771535, -3.545456961452481, 0.010831872723928708, 0.999873454750802, 0.011650966397228362, -0.5583496286152144, 0.07213781242559718, -0.012402668800755601, 0.997317456893781, 55.53722558012863], [0.9973148244887534, -0.008098958496887814, -0.07278425465878284, -3.620328052781843, 0.009133305384777125, 0.9998618218490615, 0.013889562319417053, -0.5640541478121127, 0.07266169926090245, -0.014517025302083424, 0.9972508879098114, 56.46279461754216], [0.9972353846220934, -0.006797986105300943, -0.07399577719396687, -3.697746828737814, 0.007557389627929402, 0.9999215633438965, 0.009987643461326561, -0.5757203400506212, 0.07392207000897903, -0.010519244857655898, 0.9972084401233388, 57.35224901787221], [0.997170368924529, -0.005087070406881457, -0.07500251364851435, -3.7738296703079572, 0.005273387957285574, 0.9999834819215521, 0.0022863209533396426, -0.5858106402842342, 0.07498963662541103, -0.002675368114995616, 0.997180623961501, 58.19584415239892], [0.9971311349626688, -0.0032294868621013943, -0.07562453373521763, -3.848774013783018, 0.003063039355201956, 0.9999926249569222, -0.0023168559889541946, -0.6021123108624501, 0.07563145074172378, 0.0020785685892244555, 0.9971335734049539, 59.050615436109844], [0.9970391470916731, 0.0018435251065789463, -0.0768735362910562, -3.904276012149114, -0.0019312207033783174, 0.9999975665289585, -0.0010664533540541527, -0.627439711168897, 0.07687137554633469, 0.0012117558647493968, 0.9970401813715177, 59.87572087723444], [0.9969172251742333, 0.004490487038026834, -0.07833186884704026, -3.9716285791576844, -0.004400596215385855, 0.9999894459287993, 0.0013201454323357575, -0.6476814883420882, 0.07833696243346153, -0.0009713682198235176, 0.9969263647634615, 60.747249479956494], [0.9968055064031718, 0.00683551360547908, -0.07957423048994829, -4.04434856397598, -0.006615953509221467, 0.999973546447542, 0.003022509601332633, -0.665633477268772, 0.07959277795831371, -0.0024863940768924285, 0.9968242611119491, 61.62875959221998], [0.9966944517563237, 0.007852555050526854, -0.08086103645972803, -4.1101428135465445, -0.007617452148793461, 0.9999658166823235, 0.003215569874166577, -0.6907458393889991, 0.0808835147550721, -0.0025889848391612283, 0.9967200982213507, 62.44724946708894], [0.9965874358409748, 0.00944595396877759, -0.08200156509196808, -4.210924536064057, -0.00912519192263737, 0.9999491811498404, 0.004285555989555719, -0.7034506333857404, 0.08203787086955007, -0.0035226504042091323, 0.996622886892194, 63.2935033452567], [0.996295914139708, 0.00996180695000718, -0.0854120241582893, -4.224353596101285, -0.009522383950153838, 0.9999392555725954, 0.0055506187790873105, -0.7393130510426357, 0.08546212154211326, -0.004716731771975098, 0.9963301552311475, 64.14969312419], [0.9959344145997937, 0.010811065003026992, -0.08943021127822633, -4.184322116264925, -0.01017113996672694, 0.9999193282143091, 0.007608217611484904, -0.8063466302675014, 0.08950524080949805, -0.006667677411171021, 0.9959639320505461, 64.91911310909333], [0.995439746106323, 0.010895487940340166, -0.09476813923636417, -4.088669141893321, -0.009934260191916131, 0.9998943759576481, 0.010608836067472458, -0.8736042495206264, 0.09487370844204486, -0.009619004287579662, 0.995442742804919, 65.60820092153799], [0.9951396091555207, 0.013708373717544199, -0.09751532587147262, -4.11760660755601, -0.012406320531795181, 0.9998257787242338, 0.013946161097003027, -0.8948711314556845, 0.09768950608665755, -0.01266856916788202, 0.9951362056300606, 66.37188059956803], [0.9945385352578756, 0.016317987255937437, -0.10308649367902571, -3.9900227251595872, -0.014273483286057632, 0.9996871477905966, 0.020539576850223798, -0.9717557070976858, 0.10338939709551458, -0.018955994956208966, 0.9944602067571416, 67.02195795175243], [0.9940485778152035, 0.020366189963653247, -0.10701702317826549, -3.9809448874414226, -0.017899035781011634, 0.9995525731510916, 0.02396409867163005, -1.0236951530173386, 0.10745718756663447, -0.021905974006306683, 0.9939682495649018, 67.71803442580189], [0.9934450517939598, 0.024057634710094776, -0.11175043301148153, -3.8867463797784936, -0.021806662491935677, 0.9995348165503658, 0.021321819213923256, -1.0670467765131113, 0.11221138991221535, -0.018745149463422334, 0.9935074349724682, 68.26704932246047], [0.9928338336563483, 0.024222711633456802, -0.11702238669742702, -3.812914405582292, -0.022450018332521183, 0.9996127380416647, 0.016442950517399045, -1.135719638861469, 0.11737534952549633, -0.013697961022926192, 0.9929930479049652, 68.8540794449765], [0.991666505998958, 0.024080765110060114, -0.12656088507723673, -3.631476577368298, -0.022484211232883244, 0.9996487680825334, 0.014028567863836381, -1.2258720492418982, 0.1268542388524193, -0.011066037617772265, 0.9918595388948102, 69.48095106151563], [0.9905961615033997, 0.026620103501882087, -0.13420363223206963, -3.4774544791388413, -0.02468702520448256, 0.9995664135495477, 0.01604791856441191, -1.3162890126725748, 0.134572627185729, -0.012583916340682339, 0.9908237245150479, 70.11225213179392], [0.9898776379774524, 0.029657418808971162, -0.13879012696071047, -3.4138812017172286, -0.026949454926876282, 0.9994087693493154, 0.02135037767424526, -1.3619136903324365, 0.13934125317509738, -0.017393940932319853, 0.9900915442434837, 70.62127120426631], [0.9882569089529846, 0.028740135672934274, -0.15007426997388576, -3.2127999186104867, -0.0249417322364565, 0.9993206593040133, 0.027131713569895074, -1.4572959842969364, 0.1507520725027568, -0.023069988343426467, 0.9883022757607955, 71.18550434225959], [0.9870559221469177, 0.025394706685445648, -0.15835313519807165, -3.112229621663449, -0.02161416517894218, 0.9994398285285303, 0.02555106679731483, -1.4933668228724244, 0.15891327628039656, -0.021797658319532818, 0.9870517882632225, 71.84838778501481], [0.9864028406317739, 0.017017649331311353, -0.1634620310800167, -3.0152905053586, -0.013514781137008823, 0.9996550962640995, 0.022517531037708385, -1.5458921069511031, 0.16378883152237797, -0.020002200526031196, 0.9862925177870207, 72.32725655560752], [0.9856350801561594, 0.012358170912408348, -0.16843623237671132, -2.926552568541765, -0.009247996057395156, 0.9997721804405325, 0.019236990047999492, -1.5751202722455433, 0.16863557649718966, -0.017402952395745373, 0.9855247229711601, 72.86448460612192], [0.9852141546408015, 0.014793425557890255, -0.1706875040993762, -2.8421832356192, -0.011515806973660201, 0.9997301086791307, 0.020176619889365068, -1.5990872102634046, 0.17093990129412823, -0.017912684887483342, 0.985118513614319, 73.38077019806157], [0.9854173575354017, 0.020057214866512654, -0.16896845741068217, -2.8554447211243783, -0.01626533469028159, 0.9995845132783988, 0.023795791674165654, -1.6114619793984046, 0.169375513667308, -0.020700455090879567, 0.9853340684909743, 73.88853727312632], [0.9847334400950165, 0.01859643389908627, -0.173072888127725, -2.7206532338994505, -0.013797948903432838, 0.9994874402345584, 0.028887253580579433, -1.651448003223648, 0.1735213605176053, -0.026058190641431653, 0.984485199555902, 74.41704832926737], [0.9848051361390537, 0.01527011991592596, -0.17299036756968209, -2.6262837590494166, -0.009441719546821223, 0.9993613048828273, 0.03446500014351382, -1.6786916489143495, 0.17340614685238623, -0.03230797891379391, 0.9843202236733352, 74.88417622784411], [0.9859599065521029, 0.010933950007022282, -0.16662386206367077, -2.6520875302482, -0.004582115884094211, 0.9992497248134278, 0.038457660801382354, -1.688284625146056, 0.16691932580681898, -0.03715421761086634, 0.9852701674088846, 75.37776469373959], [0.9869798553632644, 0.014735889093894242, -0.16016747072899315, -2.5716682257969965, -0.008495478675454964, 0.9991804087423425, 0.03957698355813512, -1.7138852119744141, 0.16061938489053137, -0.03770098192697655, 0.9862960251157556, 75.78189232070041], [0.9888784423138346, 0.01954996335812465, -0.14743549525016397, -2.581529249752497, -0.013885893791946187, 0.9991290302840031, 0.039349241382101656, -1.7134897554681265, 0.14807634485766674, -0.03686433873055564, 0.9882885290357075, 76.25324389319194], [0.991189382955701, 0.023970738043622, -0.13026515586887336, -2.626380680339906, -0.018898630079922693, 0.9990195553039347, 0.040034608795785374, -1.7055293550460544, 0.13109708413521615, -0.03722004199497302, 0.9906704916394486, 76.74158047668091], [0.9932851125478233, 0.019596251861826716, -0.11402048984207652, -2.5396942371796807, -0.014902450306612242, 0.9990117506179079, 0.041874086284989454, -1.7404543225035731, 0.11472837287102355, -0.03989371735633058, 0.9925954320738489, 77.14452430516825], [0.9951688375135056, 0.010831268576575832, -0.09757903700611512, -2.3992515073359617, -0.0065119507989797, 0.9989892723206402, 0.044475029905222244, -1.797103137468819, 0.09796212241332476, -0.04362472908019488, 0.9942334261052416, 77.51815139754181], [0.9970108860841247, 0.00797223111186012, -0.07684879023672578, -2.238520753340969, -0.004298208747901475, 0.9988450056750099, 0.04785582555603713, -1.8251710656387063, 0.07714154035168724, -0.04738246168291163, 0.9958935109122093, 77.9750465410563], [0.9988377975968848, 0.004641299273855539, -0.04797408084429989, -2.165158894116841, -0.0021998182923933063, 0.998705420766625, 0.05081971399801271, -1.8513241020759426, 0.04814783932782022, -0.05065511140009425, 0.9975548332082387, 78.35706973870595], [0.9998268277930353, 0.003301209516386848, -0.018314377986862293, -2.01021848665159, -0.0023034403182947073, 0.9985254828694792, 0.05423609704776485, -1.8816720020987017, 0.01846641604127577, -0.054184512890108484, 0.9983600703360802, 78.78632931124731], [0.9998661635675317, 0.0006281229972928456, 0.01634810124286902, -1.8722915079597697, -0.0015558901462259843, 0.9983843588854125, 0.056800098052888305, -1.9130427752043828, -0.016286009456133496, -0.05681792582051091, 0.9982516161777353, 79.1635924197757], [0.998549626140543, -0.0024388857584084606, 0.053783789108241456, -1.7197909226283674, -0.0007460466143403888, 0.9982507293350186, 0.05911788897240844, -1.9353353278055119, -0.05383388305168427, -0.05907226476063649, 0.9968009734002259, 79.50332029754166], [0.995046578481052, -0.0022712922660663853, 0.09938384116441881, -1.596643570634365, -0.0036939400081094677, 0.9982037239571786, 0.05979699227585548, -1.9528465782396807, -0.09934112681892986, -0.0598679040502848, 0.9932507108414181, 79.89718806555547], [0.9885139220938804, -0.003585218560212626, 0.1510872993816815, -1.473397225946655, -0.005513935258096089, 0.9981973942223042, 0.05976251907151463, -1.9730768283027902, -0.1510291950891754, -0.05990916124034296, 0.986712153887954, 80.27081831403473], [0.9782504171045275, -0.004852298217720707, 0.20737062626327993, -1.3416922496236263, -0.00781689117907793, 0.9981538349102365, 0.06023137111410084, -1.9844505781626736, -0.20728002565734946, -0.06054235100278338, 0.9764063778461075, 80.63929191782458], [0.9637951138625044, -0.004794826305706025, 0.26660080295351796, -1.1962664179844318, -0.011632999027422219, 0.9981302194054482, 0.06000615337831067, -1.9832184727266169, -0.26639001035009696, -0.06093499773831139, 0.9619371540991223, 80.99946945676997], [0.9447054654506009, -0.004712092534757419, 0.3278862298598521, -1.0325932408075367, -0.0153869844952995, 0.9981583931445247, 0.05867761841863813, -1.9721200650219002, -0.32755885390634454, -0.06047824062958972, 0.942893090248265, 81.34832121241192], [0.921026610506458, -0.006566825344527673, 0.3894442958163341, -0.843860300146405, -0.016875255106019255, 0.9982462449254573, 0.05674205016856574, -1.961313104990505, -0.389133882091263, -0.05883290362080583, 0.9193004466767867, 81.68258001749288], [0.8937172097672678, -0.007709300733275675, 0.4485645055596953, -0.6335157202183297, -0.019251361319367586, 0.9982723420187721, 0.05551320786721135, -1.9548457509774901, -0.44821746267155693, -0.05824858030974033, 0.8920246684078768, 81.99265241990278], [0.8622976406949805, -0.008777697997823668, 0.5063257161844833, -0.41836499809493033, -0.022787974743656743, 0.998164318575359, 0.05611329013765796, -1.9462118070084156, -0.5058887583688524, -0.05992448886017451, 0.860514624972103, 82.29787692047279], [0.8280139298395265, -0.008202959290373138, 0.5606475215771358, -0.17663787618686724, -0.028808820202259378, 0.9979499406525985, 0.05714864679089795, -1.9320223241340768, -0.5599668928866113, -0.06347146243604215, 0.8260800520089779, 82.58614222803749], [0.7907783930099074, -0.009029352816915965, 0.6120359498725355, 0.08708476785073457, -0.0318139325058353, 0.9979334442179734, 0.05582754346887258, -1.9140606184730788, -0.6112751688792994, -0.06361847867148183, 0.788856867297941, 82.85680462549001], [0.7512865935338949, -0.010517883223727159, 0.659892285535093, 0.3677940892200884, -0.032449590635511893, 0.9980749961374211, 0.052851926671373554, -1.89891404241045, -0.6591778147922063, -0.06112017189070417, 0.7494989880405668, 83.11336321509802], [0.7107122400191672, -0.013638807393326027, 0.7033506201176094, 0.6534615565772411, -0.030924769325148996, 0.9982398216797791, 0.05060550419579787, -1.8919348242157314, -0.7028027260307758, -0.05771690067744461, 0.7090394119228572, 83.34235839016947], [0.6695753978445905, -0.011224216150450399, 0.7426592782515188, 0.9448741939204199, -0.036097126895332086, 0.9982125260420367, 0.04763140017551735, -1.8822365004223698, -0.7418663450625925, -0.05870067358229329, 0.6679733205633788, 83.56047752971294], [0.6273475870636541, -0.007684032524072539, 0.7787014579731953, 1.248187968668589, -0.042828543262269064, 0.9980974508964915, 0.04435306523747978, -1.8701642708850315, -0.777560672843477, -0.06117543094205691, 0.625824869029878, 83.77192524703852], [0.5861172765890009, -0.005333388265569557, 0.8102086725365888, 1.5535059319730213, -0.04659863800936599, 0.9981012255446015, 0.04028039848412021, -1.8628423623026307, -0.8088850191167515, -0.0613636514893306, 0.5847557850285875, 83.96120009128799], [0.5470588621807525, -0.008720691442191815, 0.8370487147414245, 1.8584274277155326, -0.042305469170792934, 0.9983798899543298, 0.03805052710570655, -1.8582007246586867, -0.8360243470083984, -0.05622761055971623, 0.5458035791564003, 84.11736866321976], [0.5103241436708429, -0.018137931869745855, 0.8597908372471235, 2.2005403071662664, -0.02944340093887426, 0.9988229190532409, 0.03854688722994406, -1.8468376958981954, -0.8594778686913127, -0.04498656858571111, 0.5091893575839277, 84.26177173367536], [0.4775109670232207, -0.022210710103567084, 0.8783450123551928, 2.5465516124942433, -0.026612026766750355, 0.9988561816245191, 0.03972566502721149, -1.832459988870519, -0.8782225925878826, -0.0423439769907311, 0.4763736616153725, 84.40812792116445], [0.4467320698924904, -0.01783761497206443, 0.8944899536728622, 2.891191013407019, -0.030437745348210327, 0.9989194270209252, 0.03512153154842246, -1.8210154060025152, -0.8941497869346455, -0.04291616714410416, 0.4457063619945291, 84.55815958808347], [0.41766777660215254, -0.008862826626883542, 0.9085565908034545, 3.232258132314217, -0.04244047952350076, 0.9986706805678245, 0.02925196526758879, -1.8203208505996116, -0.9076079932087917, -0.05077717512734931, 0.4167363784811778, 84.7130704098152], [0.39104108801848464, -0.003911890538267109, 0.920364908388915, 3.591169102905649, -0.04816502968013616, 0.9985337397377861, 0.024708308747970763, -1.8220620386621893, -0.9191119781898569, -0.053991361188283925, 0.39027926471307106, 84.85516022171159], [0.36686134504256424, -0.0026566780123916793, 0.9302718396122172, 3.950495959495916, -0.047466009318177134, 0.9986399189784932, 0.021570586038343578, -1.8252747595235514, -0.9290638077392095, -0.052069700330184154, 0.3662362454163395, 84.97103979016262], [0.34487709742764205, -0.0026698145468796023, 0.9386440538138884, 4.335574341674632, -0.03975727245090513, 0.9990569962042054, 0.017449287168734163, -1.8214655304001035, -0.9378054014913813, -0.04333578208135799, 0.3444456980788079, 85.07309644545131], [0.32552834350784843, 0.002278034086334495, 0.9455295384776392, 4.728960332212727, -0.03335164868778021, 0.9994024817237824, 0.009074527764787583, -1.8090517122481922, -0.9449438007205488, -0.034488981055419865, 0.32540977807308374, 85.18012975579957], [0.306503006530706, 0.00858293754910055, 0.9518309934913162, 5.1318481821588, -0.0320008873304167, 0.9994870052989407, 0.0012920714468239163, -1.7956100067484744, -0.9513315243346996, -0.030855456599244286, 0.3066204031128389, 85.29665557831574], [0.2895991705266568, 0.009770124256300989, 0.9570981481030503, 5.547731555108984, -0.03485348940330015, 0.9993923733247833, 0.000344117237832768, -1.7949904588244354, -0.9565131320211663, -0.033457862405043656, 0.2897636963360916, 85.41806850077636], [0.27452714200874806, 0.006067871903388653, 0.9615602057235274, 5.988229652003165, -0.03785751288899802, 0.9992730037062135, 0.004502530602129023, -1.8017949072226573, -0.9608337381607335, -0.037638340497492484, 0.2745572489239291, 85.54423544304822], [0.2604637724447771, 0.002913988967819147, 0.9654792239671087, 6.44140055236033, -0.038005494729128245, 0.9992513232870526, 0.0072370767213600085, -1.8083099862684198, -0.9647352069260974, -0.038578507525779966, 0.26037949088657897, 85.66122198903884], [0.24753901673712841, 0.00019561706474130293, 0.9688779060989983, 6.902432699277046, -0.036194974361382214, 0.9993038071484343, 0.00904570890678856, -1.8116840923762607, -0.9682015139173443, -0.03730767265012201, 0.24737373750987496, 85.76975009513542], [0.2361233419480604, -0.0011080806985328522, 0.9717224601420122, 7.379772686378776, -0.03314950551474703, 0.9994081077700423, 0.009194803294992877, -1.8136203255376195, -0.9711573966413598, -0.03438322281738808, 0.2359468265043574, 85.8771513454883], [0.2263529487774652, -0.0012801364072059813, 0.9740445081363196, 7.865766596616433, -0.02904860357428141, 0.9995454711681451, 0.00806409930725109, -1.818218107701118, -0.9736120026131313, -0.03011996194779502, 0.22621285608895522, 85.97932748014418], [0.21871249205281265, -0.001077216986278972, 0.9757887504084131, 8.39351283226834, -0.02699028023586765, 0.9996101030011663, 0.007153093791422899, -1.8165515459669486, -0.9754159011984056, -0.02790127952517424, 0.21859812050923694, 86.09054664681297], [0.21328171566756635, -0.001095698055529127, 0.9769901274873098, 8.925203199241247, -0.025055116898593036, 0.9996643450250154, 0.006590781661281562, -1.8184929972466812, -0.9766693197322792, -0.025884292006582463, 0.2131826524861138, 86.20445925094741], [0.20773735763022905, -0.0001518460575505775, 0.9781846283742065, 9.462687585320388, -0.024262406368538072, 0.9996915338776409, 0.005307799033454218, -1.8169591676977206, -0.9778835997368693, -0.02483573814122107, 0.20766957282339904, 86.31821007664695], [0.2018840298081861, 0.0005910621041430603, 0.9794092551911053, 10.041970447592504, -0.024010275923231742, 0.9997022656210413, 0.004345890271182747, -1.8132989590024355, -0.9791149847843013, -0.02439324938227167, 0.20183809342000353, 86.4350236487979], [0.19754815571174017, 0.00026063230709769505, 0.9802931491373841, 10.62125429121254, -0.021791321942479267, 0.9997540287322195, 0.0041255692573850065, -1.814813273450813, -0.9800508519281986, -0.02217687951286044, 0.19750522436101312, 86.5501979420423], [0.19462507682891272, -5.8213885303004286e-05, 0.9808777069953636, 11.229056470668102, -0.02027825942115666, 0.9997860380312655, 0.004082934311862339, -1.8170418136967625, -0.9806679760873945, -0.02068513146013263, 0.19458223457741552, 86.66829543161066], [0.1916396217799042, -0.0003419092052574829, 0.9814653017107379, 11.868202652478269, -0.019822692353583953, 0.9997946100050225, 0.00421884732623547, -1.8124373603554305, -0.9812650628941354, -0.02026378053273828, 0.19159346424630436, 86.79153566269117], [0.18918198911483916, -0.001097923403738576, 0.9819414287821608, 12.51371406383586, -0.01803162344680012, 0.9998268724489511, 0.004591915158589018, -1.8111557726563108, -0.9817763710606194, -0.018574703398350687, 0.1891294202939203, 86.91619983810337], [0.188340703461719, -0.0020794318404930598, 0.9821015504431121, 13.173908234069698, -0.013819040097779864, 0.9998931481477026, 0.004767223306495992, -1.8117505215527323, -0.9820064259864321, -0.014469560971487348, 0.1882918243755065, 87.04205751804547], [0.18908345692561013, -0.0029984169864347527, 0.9819564429304568, 13.832453153644963, -0.01024457338913521, 0.9999348919616615, 0.005025987832913986, -1.8137558570213, -0.9819074814853598, -0.011010054419139789, 0.18904040971383695, 87.17025285438514], [0.19133501452851098, -0.0032290882010385857, 0.9815194777510854, 14.51375712864563, -0.00856538936471205, 0.9999510178202715, 0.004959442028639539, -1.8133088609298407, -0.9814873171098101, -0.009356009994688531, 0.19129796504295665, 87.30390185358875], [0.1949456289098952, -0.0036828103898257194, 0.9808071363303579, 15.203661084047468, -0.005945038563942942, 0.9999701437730133, 0.004936403453329902, -1.8135742770241228, -0.9807959348819605, -0.0067932653674218505, 0.19491789467537057, 87.44569990646556], [0.1990867779426443, -0.004164372307431553, 0.9799730163895842, 15.908969881466584, -0.0056191235370917705, 0.9999696813492875, 0.005390902789032275, -1.8154290552398813, -0.9799656566531276, -0.006579845772329633, 0.19905732192016168, 87.59194086481529], [0.2030225598455941, -0.00590578085857351, 0.9791562500164065, 16.64505733224055, -0.0039976792544688345, 0.9999684775688303, 0.006860206210869642, -1.8112965427079026, -0.9791658015813122, -0.005307128244676485, 0.202992530412899, 87.74853317678213], [0.20677975748300972, -0.007186703717871099, 0.9783611210513927, 17.377876102430747, -0.004245114670290843, 0.9999570186929762, 0.008242558346333159, -1.8073949029737644, -0.9783782087909588, -0.00585764829982789, 0.20674034081281986, 87.9095916127337], [0.21101902343204823, -0.008624980023475164, 0.9774439019551855, 18.131841122852926, -0.006813031581373354, 0.9999238031300085, 0.010294199079729534, -1.7978581644222382, -0.9774581132983032, -0.008831626648662138, 0.21094416113765888, 88.0756449563271], [0.2150216815450684, -0.00940338288490773, 0.9765640034610379, 18.90287874876216, -0.007581263252100076, 0.9999074421509311, 0.011297414690387012, -1.7926691055186545, -0.976579751048979, -0.009832776435331968, 0.21493046863741241, 88.25173921206984], [0.2191020541552444, -0.008000600363444481, 0.9756691448738019, 19.673418217161487, -0.00997614175185962, 0.999895740626235, 0.01043956288649693, -1.7890582894690314, -0.9756508474198622, -0.012020741684964911, 0.21899937373942102, 88.43274846359968], [0.22215155196194747, -0.0036641228851329423, 0.9750052626341971, 20.460447258740963, -0.011815516362032376, 0.9999093924751856, 0.006449838215418852, -1.7894779994106602, -0.9749404553217396, -0.012953030429617427, 0.22208810769543463, 88.62364494837404], [0.22402541273041457, 0.0021870764476294483, 0.9745808489538352, 21.182160379382164, -0.017556726692037887, 0.999844262973316, 0.0017919674129598922, -1.7990541063742185, -0.9744250540158924, -0.01751189361397368, 0.22402889922549815, 88.77399951594947], [0.22632784559830363, 0.0050320222719300416, 0.9740381845999077, 21.843771511494918, -0.023877313095623662, 0.999714822772347, 0.0003834691512433536, -1.8564923239776814, -0.9737583840905301, -0.023344201634647024, 0.22638343062921207, 88.81597278427068], [0.22668750903849694, 0.004855696229500176, 0.9739554381284837, 22.605175766257613, -0.025869313035179222, 0.9996647952538458, 0.0010371948591738202, -1.8628290767487952, -0.9736238299793499, -0.02543067420866721, 0.2267371132074445, 88.99159155986172], [0.22675832829466686, 0.0036860554532698246, 0.9739440813230511, 23.390655668154594, -0.028565764115677943, 0.9995878017271376, 0.002867709677999162, -1.8715944488806742, -0.9735319553678792, -0.028471730615930745, 0.22677013126366202, 89.18127398688645], [0.22663837974940707, 0.002338813288886409, 0.9739761674584043, 24.18143317067003, -0.027672274364367845, 0.9996088901549333, 0.004038806101683742, -1.8810915936952137, -0.973585