{"algorithm description": "Algorithm 7: SGBM + ORB + BF + Filter: Lowe Ratio Test", "odometry": [[1.0, 9.04368e-12, 2.326809e-11, 5.5511150000000004e-17, 9.043683e-12, 1.0, 2.39237e-10, 3.330669e-16, 2.32681e-11, 2.39237e-10, 0.9999999, -4.440892e-16], [0.9999906389484046, -0.0032455620129905032, -0.002861528050037054, -0.0174605414308526, 0.0032397786109099403, 0.9999927047780297, -0.002023419203336684, -0.008177595296660603, 0.0028680740683359606, 0.0020141298215405473, 0.9999937586966284, 0.6502647958467238], [0.9999721231676998, -0.003184767980653307, -0.0067535279959263575, -0.040186944443159255, 0.0031643769858377977, 0.9999904093699483, -0.003027851782096297, -0.023944922763464438, 0.006763105602481961, 0.00300639684429789, 0.999972510612484, 1.324362573197745], [0.9999425012061343, -0.002966770019185489, -0.01030497730581587, -0.06163183191871518, 0.0029191012083519697, 0.9999849848503721, -0.004637771225057835, -0.02478121961854518, 0.01031858079173814, 0.004607423304687078, 0.9999360472254945, 2.0268184652828833], [0.9998878189980009, -0.002505922902816855, -0.014767185575668775, -0.09819458840760695, 0.002432545258997004, 0.9999846169484028, -0.004984836017213845, -0.039420752352310906, 0.014779448595783356, 0.004948354949568258, 0.9998784334520414, 2.719593272480302], [0.9998138811509362, -0.003304777994874569, -0.01900740645922734, -0.12398161638209942, 0.00321032233853451, 0.9999823578475109, -0.0049977819295151165, -0.05363013903797996, 0.019023585833112863, 0.004935831831269361, 0.9998067517006445, 3.4441749965470194], [0.9997399109604524, -0.0017736143740227392, -0.022736858288665156, -0.16507443485439138, 0.0016279929187087453, 0.9999780563970005, -0.006421554604096832, -0.061652627330174695, 0.022747746494151014, 0.006382868823933816, 0.9997207605201689, 4.183048543868172], [0.9996434219057384, 0.00027923238076641636, -0.026701143605910777, -0.2156241483520026, -0.0004469360398871082, 0.9999802120784622, -0.006275005951357182, -0.08299016803456236, 0.02669886043734449, 0.006284701975084454, 0.9996236658725335, 4.938924311217752], [0.9995999639944408, -0.001025082574083574, -0.028264132536285916, -0.30394529343670196, 0.0009032968987466071, 0.9999902552762258, -0.004321273805385199, -0.08813290747786112, 0.028268283992718517, 0.004294014286027486, 0.9995910491603202, 5.669879398398172], [0.9995094524763779, -0.002219889735888622, -0.031239822341550066, -0.37316508146487976, 0.002178545808208521, 0.9999967056798436, -0.001357412104578147, -0.10093963149363161, 0.031242729656054465, 0.0012886891949204678, 0.9995108959505186, 6.45242115364061], [0.9994124465659724, -0.0010848619871506975, -0.03425762285223802, -0.4171211207722739, 0.001122678246033496, 0.9999987815506051, 0.0010846616341816237, -0.1136498192166044, 0.03425640102428795, -0.0011224840347794523, 0.9994123468411152, 7.251291679159389], [0.999302823328946, 0.00017782572994635255, -0.03733410859799327, -0.4493935976262736, -0.0001664094902191468, 0.9999999384466389, 0.00030889253665208595, -0.1212127101249446, 0.03733415754200225, -0.00030246392527351655, 0.9993026914785198, 8.05655858826581], [0.9992394516776795, 0.000827811810501943, -0.03898503480178767, -0.5274728691320625, -0.0008150309822689104, 0.9999996087867447, 0.00034373078821237177, -0.1412741675179659, 0.03898530024231187, -0.000311694843448056, 0.9992396355286115, 8.921368888662087], [0.9991681462235096, -0.002239096876958227, -0.04071857091611874, -0.5756548680058744, 0.002231836739001312, 0.9999974844155136, -0.0002237574900540418, -0.14191377781674405, 0.04071896547547905, 0.00013269461910976144, 0.9991705301112299, 9.77481863386742], [0.9990680951318168, -0.000614648143145032, -0.04315742690827693, -0.6061597119390091, 0.0006437958811390771, 0.999999573981606, 0.0006614858041234295, -0.15800911246508192, 0.043156997672498726, -0.00068865338865596, 0.999067965309877, 10.611624068859374], [0.9990079636496147, 0.00024359950576932589, -0.04453121628622395, -0.6401432776170707, -0.00021940582875834436, 0.9999998256779873, 0.0005481834329326201, -0.1944340921457684, 0.044531337653916925, -0.0005378686743535208, 0.9990077430450943, 11.461008815123657], [0.9989285754300673, 0.003975571709239251, -0.04610743995105731, -0.6887897313839468, -0.004063865841986234, 0.9999900837244684, -0.0018213860512744308, -0.21314998265215881, 0.04609973712068941, 0.0020068093017595406, 0.9989347260726503, 12.308287695025825], [0.9988623905547668, 0.0034796417171400404, -0.047558562097024984, -0.7252931181737433, -0.003692434325369548, 0.9999835590337992, -0.004387207636736849, -0.21998781607136444, 0.047542509568063614, 0.004557823597888958, 0.998858716750288, 13.162622051617426], [0.9987385116503966, 0.010158119665056715, -0.049175176168678184, -0.7872317976762541, -0.010472293092202246, 0.9999263410559247, -0.006135433146937036, -0.2522443824857235, 0.04910922464356726, 0.0066426700418458036, 0.9987712245502639, 14.06762823568726], [0.9986636996631527, 0.010757478530635068, -0.050547914207875994, -0.8287666938589435, -0.01107579761238312, 0.9999205310687589, -0.006021482742593537, -0.25144045178725627, 0.050479116241093885, 0.006573294522277834, 0.9987033847057156, 14.971272548695403], [0.9986106037281176, 0.008020716482762811, -0.05208195684560125, -0.8845480019243152, -0.008276576433105186, 0.9999547086561823, -0.004698821009030633, -0.24798348991269875, 0.05204190491099086, 0.00512335274774691, 0.9986316595170956, 15.878860774821213], [0.9985356391929555, 0.007612373839994998, -0.05355958388593968, -0.9235725625993118, -0.007764040479053686, 0.9999664159681204, -0.002624235376236123, -0.27506033855555373, 0.053537803167411344, 0.003036231501323313, 0.9985611072589843, 16.758930050165887], [0.9984768835719753, 0.007192122402678662, -0.05470088068522938, -0.9779594618045193, -0.007335007649075443, 0.9999701899971467, -0.00241180012772907, -0.29781115009533293, 0.05468189866485603, 0.0028093582514292035, 0.9984997733923792, 17.658820349200894], [0.9983717347471383, 0.003312917438584326, -0.056946499769816174, -1.0417824755966774, -0.003488827020700677, 0.9999894442628053, -0.0029898911323215324, -0.28541057852660223, 0.05693598774625056, 0.0031836994438652166, 0.998372654552007, 18.610111553777358], [0.9983748257391835, 0.0008484713229629557, -0.05698234311317473, -1.1564692134137584, -0.0010564450599022737, 0.9999928905753342, -0.0036197683103462116, -0.2813021952593236, 0.0569788610799605, 0.003674084382043176, 0.9983685243906656, 19.596699044131917], [0.9983100928819123, 0.0005905628148465259, -0.058108602510023276, -1.1731634746922863, -0.0006952855421353421, 0.999998170545937, -0.0017819884375838433, -0.2861660071820964, 0.05810743806227719, 0.0018193794104002492, 0.9983085772948215, 20.4781827779355], [0.9982982597676929, 0.002979358538414159, -0.058238371950921235, -1.230849849022717, -0.002895876906419288, 0.9999946550883072, 0.0015177917372607532, -0.3055872982040713, 0.05824257693855121, -0.0013465570803313865, 0.9983014519751023, 21.40184832737313], [0.9982890059920598, 0.002250297784012788, -0.05842941618112449, -1.2624917050133087, -0.0019191664715096511, 0.9999817835899467, 0.00572269939109117, -0.31011927657258515, 0.058441223786093954, -0.005600771071592051, 0.9982750396187408, 22.322394370856845], [0.9983702123944397, 0.0022469925576750487, -0.05702517012623525, -1.3115245946041114, -0.0017384863080820592, 0.9999582999539974, 0.008965267339284596, -0.34151670711442894, 0.057042931404341565, -0.00885151701650373, 0.998332386844841, 23.21851806692746], [0.9984378975957598, 0.0011192198332726781, -0.05586154304638215, -1.3582428477967259, -0.0005880684164381216, 0.999954473832083, 0.009523887795266998, -0.33640621832505124, 0.05586965366771997, -0.009476158671965138, 0.9983930008848639, 24.129936187746925], [0.9984268920851824, 0.0008257099575113197, -0.0560629946059658, -1.3341485076383535, -0.00042772715910315354, 0.9999746287539077, 0.007110478040128364, -0.3501997717719419, 0.0560674378499675, -0.00707531163940033, 0.9984018140899767, 24.985544888740677], [0.9983670649025368, 0.0036683336067183363, -0.057006552662330345, -1.3033015910382721, -0.0034903746414837802, 0.9999887212135876, 0.003220982842777377, -0.3929705237411202, 0.0570177196802253, -0.0030167481807200705, 0.9983685085542775, 25.863367812762522], [0.9984114264479917, 0.0019766057623338633, -0.056309116204626496, -1.3459695937473568, -0.00196995131250878, 0.9999980445609755, 0.0001736837623921026, -0.38816895258953227, 0.05630934381449366, -6.248115077423111e-05, 0.9984132680885697, 26.80512566002077], [0.9983438370006915, 0.001309117022677584, -0.057514079453273984, -1.3059826554307172, -0.0012056581208553898, 0.999997592316404, 0.0018335075370624866, -0.43315156271235744, 0.057516335547744574, -0.0017611279781178464, 0.9983429118160829, 27.662062049655155], [0.9983683215046942, 0.00018561081810047786, -0.05710219054049735, -1.3934402550438831, 0.00019976864097859094, 0.9999772446778084, 0.006743160910597642, -0.43795133679332554, 0.05710213710170866, -0.006743564314122512, 0.998345466398666, 28.648793593873762], [0.9987127222618769, -0.0038857294391191023, -0.05057469227782125, -1.7198561190864288, 0.004440326704473181, 0.9999311894355204, 0.010858171707097018, -0.46537652690586767, 0.05052901528293888, -0.011068760795937167, 0.9986611543206183, 29.442431552400866], [0.9987840006233006, -0.009517806345363118, -0.048372838052839595, -1.9258714995847166, 0.010003790413821916, 0.9999017952802072, 0.009814477712682235, -0.4813824574284812, 0.04827467053738156, -0.010286453540873895, 0.9987810295845981, 30.489394418145967], [0.9986641620537378, -0.011652591767282203, -0.05033992982325646, -1.9484653407645895, 0.011939319302042343, 0.9999141487247983, 0.005398873453209821, -0.4669633508489935, 0.0502726922326512, -0.005992684851827131, 0.9987174496042205, 31.399986686880503], [0.998622622050792, -0.009988773414855491, -0.05150808804515311, -2.003110357248245, 0.01009193348445136, 0.9999475558737648, 0.0017430951286214692, -0.49756567365948645, 0.05148797026870458, -0.002260509722255918, 0.9986709563281668, 32.357253740574514], [0.9987422490339416, -0.0089992356117086, -0.04932477828666743, -2.2749074950161994, 0.009100599350464653, 0.9999569126518483, 0.0018308280215078685, -0.5353862742195441, 0.04930617208025728, -0.0022774096352571327, 0.9987810144371767, 33.47281277828231], [0.99867402351906, -0.009305253220156816, -0.05063207492055472, -2.2998646445183804, 0.009481269174433642, 0.9999498114653009, 0.0032372959934210436, -0.5417123097852772, 0.05059940490300845, -0.003713058896931034, 0.9987120272716755, 34.46174879525663], [0.9986118551785367, -0.007451876728885857, -0.05214242255686571, -2.3371637326833032, 0.007744648073419098, 0.9999553478796677, 0.005415041372833257, -0.5214655047400972, 0.052099736906550224, -0.005811348164351374, 0.9986248773422338, 35.43274894691795], [0.9985241628324861, -0.005937728791604256, -0.05398369769180215, -2.3849635541540706, 0.006333027290054981, 0.9999543523507902, 0.007154437787346123, -0.5597545015240405, 0.05393874700729176, -0.007485758006095576, 0.9985160864995457, 36.439632602367176], [0.9984741354641626, -0.00441146662508561, -0.05504488869375882, -2.4478480252382995, 0.004954033394779981, 0.9999404464794082, 0.00972425049466619, -0.5684901242315904, 0.05499870691929979, -0.00998210534604889, 0.9984364275255966, 37.4392944488957], [0.9984866361492202, -0.0030841915968424787, -0.05490833446398075, -2.504780568631988, 0.003808308644274089, 0.9999070962231237, 0.013087998621208208, -0.5924347536839075, 0.05486286193896136, -0.013277297795981887, 0.998405518686227, 38.42842197827434], [0.9984515631797156, 0.0035438416940893683, -0.055515017518050054, -2.580500799804451, -0.0026949834790845856, 0.9998784268570741, 0.015358013213569936, -0.5961721457392413, 0.05556268923936071, -0.015184618248328808, 0.998339629050732, 39.44335610875728], [0.998445618185749, 0.0036118285779755217, -0.05561746326470264, -2.6511208435890903, -0.0027805095623063187, 0.999883369123203, 0.015017220695070084, -0.6036729127695626, 0.05566521065667703, -0.014839231349372931, 0.9983391114924418, 40.46161580629861], [0.9984650875823142, 0.002981882554607143, -0.055304405391180755, -2.7180473011998822, -0.0022403602999984114, 0.9999068306624777, 0.013465169150205682, -0.6026244633743295, 0.05533939878080471, -0.01332059768998943, 0.9983786419088557, 41.45728362069567], [0.9984574949514364, 0.005719884014305985, -0.055226023776524955, -2.777060444099179, -0.005117839357466403, 0.9999259962323842, 0.011036746757252596, -0.5977289420745044, 0.055285060269551, -0.0107370830492069, 0.9984127789439583, 42.43560625067124], [0.9984228712490252, 0.006699322823815319, -0.055739476500548855, -2.8418137440133493, -0.006075695448960307, 0.9999171259869938, 0.011350201880158685, -0.6162929993388466, 0.055810890275425316, -0.01099364348863188, 0.9983807311489541, 43.429945235959046], [0.9983730985680331, 0.005199375373363574, -0.05678135742822499, -2.886861935025922, -0.004495585454300953, 0.9999115727525618, 0.01251544593371335, -0.6227574009205444, 0.056841403270624945, -0.012239817389616903, 0.9983080895918383, 44.39192296133196], [0.9983092765289555, 0.00567406621439239, -0.05784801957568399, -2.928326609625186, -0.00488265619538085, 0.9998926742191726, 0.013813026869874128, -0.6303807494911524, 0.057920181272997286, -0.013507219040558733, 0.9982297369018337, 45.362014769175246], [0.9982837471924791, 0.00820966639133932, -0.05798414842942825, -2.9927959429877533, -0.007634462009337581, 0.9999194991969544, 0.01013459992000911, -0.6333239392071225, 0.058062676579804046, -0.00967452715984482, 0.9982659611108821, 46.3361398293211], [0.9982197193877915, 0.010395226863045328, -0.05873100615369615, -3.0585808174501308, -0.010073973893396797, 0.9999326471591482, 0.005763349312035373, -0.6417005506648988, 0.05878695594011238, -0.005161433315199731, 0.9982571078722348, 47.300733125468305], [0.998140117071739, 0.013114470848155155, -0.059534169569995216, -3.083514573670147, -0.012874113042273995, 0.9999073601110972, 0.004419095951712332, -0.6577584484050206, 0.059586602517803317, -0.0036444264781888636, 0.9982163868400682, 48.22589219855764], [0.9981402994166448, 0.012554653441109646, -0.059651683609309204, -3.1495704930432287, -0.012111618851772279, 0.999896362946308, 0.007782805119835722, -0.6670408189167648, 0.05974320597198497, -0.007045851793278005, 0.9981888124561937, 49.22973993937077], [0.9981203793689489, 0.010275284595853335, -0.06041627938611015, -3.1796166906845187, -0.009639808958936756, 0.9998952075799762, 0.010800367671080242, -0.6672889793096514, 0.06052091905928871, -0.010197664187222481, 0.9981147358902954, 50.175313948752276], [0.9980919066858914, 0.009159385349288288, -0.06106268474400683, -3.2199965845556426, -0.008466468016275158, 0.9998969119901199, 0.01159673712518802, -0.6820124048743345, 0.06116260282361844, -0.01105762261662778, 0.9980664632167133, 51.12388332998329], [0.9980896783619676, 0.0065990062038057355, -0.061428389726794236, -3.265122195542271, -0.0059619910851064686, 0.9999265990539425, 0.010547566862340424, -0.6942475046284808, 0.06149347817827968, -0.010161180610347105, 0.998055661048096, 52.06721575288333], [0.9980755636165082, 0.0058724910604292, -0.06173073108537972, -3.3275064399162213, -0.005301067506339704, 0.9999416131945402, 0.009416415729561322, -0.717073533091377, 0.06178241850805415, -0.00907105427800523, 0.9980483198410743, 53.03125435151069], [0.9980306833280793, 0.004669828482177597, -0.0625535597519011, -3.3782022149495043, -0.004054338994078996, 0.999942151598831, 0.009962720071348527, -0.7112194490351038, 0.06259645910728957, -0.009689485536481642, 0.9979917821191105, 53.94745654939171], [0.9979287412627882, 0.0018792387234008424, -0.06430160047376718, -3.4025133392625033, -0.00098024309252446, 0.9999013800528266, 0.014009614267734557, -0.7125362975947878, 0.06432158007676952, -0.013917563661804279, 0.9978320679143149, 54.859076757907545], [0.9978734367316154, 0.0024734018253049542, -0.06513437302105171, -3.4392203240935184, -0.0012481745009640403, 0.9998216429668998, 0.018844742380370788, -0.7300196454668973, 0.06516935999663147, -0.018723366429040957, 0.9976984464592515, 55.76822081587665], [0.9978301170145238, 0.0067992137372470075, -0.06548914621017042, -3.5092426839306223, -0.005414491029398987, 0.9997584965399352, 0.021298635709814162, -0.7592400883465696, 0.06561813781329714, -0.020897827199438015, 0.9976258521150442, 56.70247408469521], [0.99772121743295, 0.007237384538099631, -0.06708198378969094, -3.5737607331128673, -0.006057953724615204, 0.9998237715940134, 0.01776870710521941, -0.7554856689461135, 0.06719875432833837, -0.017321834320765783, 0.9975891346002592, 57.638970376887045], [0.9975298236087804, 0.012057632798544514, -0.06920162210766102, -3.624612355750343, -0.011378053534790811, 0.9998831812097387, 0.01020606837380688, -0.7806480801604747, 0.06931659219196798, -0.009393476405300614, 0.9975503860196365, 58.53958134758289], [0.9974874290452821, 0.01334754041366255, -0.06957493845875198, -3.7242548299492233, -0.013036309366499077, 0.9999028924581773, 0.004925473771153503, -0.7719617746592379, 0.06963391824451212, -0.004006096867256212, 0.9975644684018258, 59.483236322991225], [0.9973203973850634, 0.02088622203048115, -0.07011269991230698, -3.811319297327908, -0.020526352622304525, 0.9997722010070275, 0.005849353946126317, -0.7965380491614882, 0.07021889222982652, -0.004394521081505795, 0.9975218270085576, 60.39303910191849], [0.9971769589762554, 0.024600080802207974, -0.07094327671733736, -3.8893014778530612, -0.02399907747627062, 0.9996686134787847, 0.009311686511619585, -0.8593393077730914, 0.07114882823229166, -0.007582824806494522, 0.9974367874753448, 61.280064664057896], [0.9970633088881566, 0.02700528161886693, -0.0716622134299949, -3.9713195526492564, -0.026253826395497188, 0.9995902185532428, 0.011407522617713866, -0.888783618698978, 0.07194090378510963, -0.009492613508130182, 0.9973636230840671, 62.177188757986684], [0.9968740764904669, 0.028972626869474893, -0.07350280616113027, -4.023502591993024, -0.02810449381652193, 0.9995228041288211, 0.012818012863693183, -0.9640797267925758, 0.0738390950784515, -0.01071218402387227, 0.9972125335912321, 63.07681968104831], [0.9967594044859007, 0.030282205448661347, -0.07452300049029724, -4.115401386187299, -0.029376481811547644, 0.9994809904819598, 0.013220135459763915, -0.9532909121574238, 0.07488464974564563, -0.010988069201210239, 0.9971315618150453, 63.93332592518829], [0.996408339701812, 0.0318271698425789, -0.07846943247207616, -4.071621641432301, -0.03079882888088145, 0.9994235779093567, 0.014280898375952335, -0.9703443767538974, 0.07887871367963581, -0.011812837956182525, 0.9968141278030108, 64.74649209246864], [0.9962892417398744, 0.032362577218370825, -0.07975218109350095, -4.15339261012871, -0.03128272400053642, 0.9994016931073908, 0.014752863897722632, -0.9832449536247277, 0.08018189752413954, -0.01220325241654585, 0.9967054449233718, 65.57697005838209], [0.9962369272752011, 0.0315657425042371, -0.08071919618914253, -4.239059161794509, -0.030386471150733993, 0.9994133904537212, 0.015796751336941056, -0.9836021298618186, 0.08117047363796943, -0.013284533678417096, 0.9966115970498963, 66.38021781862588], [0.9961210832815708, 0.03260527986359264, -0.08172932868295077, -4.330927003854265, -0.031207023587931575, 0.9993448861289855, 0.018328127199054297, -0.9670285552136713, 0.08227337218684874, -0.015706502781681533, 0.9964859246368629, 67.19365122439616], [0.9958940576159575, 0.03401776786287411, -0.08389170086993519, -4.375654782502155, -0.03221942627655761, 0.9992230451212487, 0.022698340666791387, -0.9693447045662432, 0.08459865925839541, -0.019902197646501116, 0.9962162262182502, 67.96261336260406], [0.9956445469281416, 0.03744134926991514, -0.08538197431017366, -4.457628810332764, -0.03550119584210407, 0.9990782793974935, 0.02412999647579809, -0.9625012798103095, 0.08620672701997532, -0.020993734638003775, 0.9960559539114571, 68.75132071547212], [0.9954206026755877, 0.04056525574834199, -0.08655797938400032, -4.547270406231191, -0.03895388530355335, 0.9990363012149472, 0.020225322605895393, -0.9663113716457616, 0.08729500024671631, -0.016760931060643112, 0.9960413917714045, 69.50767022633693], [0.9953118649064513, 0.04059942626361265, -0.08778370101281313, -4.627317113877966, -0.03959160432095766, 0.9991288552259736, 0.013192252352263083, -0.9702073720513136, 0.08824281778014993, -0.009654906289281822, 0.996052100994107, 70.2273272471339], [0.9951668310197583, 0.0401613760874957, -0.08961050334001201, -4.692236574601014, -0.039654045919155924, 0.9991858046332807, 0.007435352149182675, -0.9741190516588328, 0.08983614790111198, -0.0038459959569816554, 0.9959490322528551, 70.9352164850039], [0.9950584890646293, 0.04129364257788435, -0.09029639208222227, -4.756448122300024, -0.04086801584340802, 0.9991430299215428, 0.006558280279096176, -0.9873963431244254, 0.09048981703555543, -0.0028356373196116893, 0.9958932433618944, 71.62494950778236], [0.9949296570938255, 0.043314758026238916, -0.09076788623897081, -4.8387849462197625, -0.042579778805996255, 0.9990428318132094, 0.010019113706969956, -0.9872274876332808, 0.09111497250616452, -0.006103435755741209, 0.9958215753121572, 72.28774209682794], [0.9948018854008084, 0.044517324669081385, -0.09158284013560565, -4.906005073339555, -0.04354371580116297, 0.9989720299481213, 0.01260270588225458, -1.0117102108185512, 0.0920497252886362, -0.008549337074703066, 0.9957176090186814, 72.92007064906245], [0.994908148698532, 0.04169579360473897, -0.09175639731882679, -5.005412147344658, -0.04105301810675943, 0.9991174871892543, 0.008882370007684343, -1.0061106811385065, 0.09204576941136537, -0.005070264272841305, 0.9957417681074161, 73.55905269624225], [0.9952510464067141, 0.033480240430213776, -0.09140256083433687, -5.07519604548929, -0.03328994519812289, 0.9994392303221632, 0.003606167182010849, -1.0108099416511303, 0.09147203127721287, -0.0005462548858815465, 0.9958073955839203, 74.17444036534069], [0.9955445175718447, 0.029593820846561827, -0.08952831563446093, -5.155791660099528, -0.029831264576998955, 0.9995540838275084, -0.0013149743282779866, -1.0208936907577837, 0.0894494694830427, 0.003979858435741415, 0.9959833096674079, 74.77677217627131], [0.9957846854223561, 0.03203851436622582, -0.08594413229245795, -5.226383118194043, -0.03227599944302666, 0.999478048705393, -0.0013747785314372786, -1.0329625684230654, 0.08585521922498869, 0.00414291623887896, 0.9962989097539338, 75.35862067002378], [0.9960082049144313, 0.036289737617044925, -0.08155188953554425, -5.291814257683756, -0.03628639289114223, 0.9993402705700848, 0.0015235838854139147, -1.0341820085411901, 0.08155336968704274, 0.0014417221896289526, 0.9966678329964435, 75.93018783898457], [0.9964359019198703, 0.034911121270352494, -0.07679001873147595, -5.338197555030875, -0.03468514939429791, 0.9993891463667902, 0.004274872600474071, -1.0386293004604232, 0.07689234420584974, -0.0015961626241311792, 0.997038023180368, 76.48373389376773], [0.997000174299687, 0.03156973137578986, -0.07066827086644244, -5.384834789087784, -0.031060118643659644, 0.9994830651218064, 0.00829888935686432, -1.0471320442813459, 0.0708937266223258, -0.006079028170235001, 0.9974652499922563, 77.02848667227191], [0.9976737272336348, 0.02767560231446932, -0.062299237750367095, -5.414852020447669, -0.02698708643472808, 0.9995653487260602, 0.011866372314694389, -1.0631080862302524, 0.06260056208186927, -0.010157491486653228, 0.9979868711529939, 77.55273188521822], [0.998210216757704, 0.031010550777407126, -0.05113422436116211, -5.456332571174406, -0.03047528802636251, 0.9994726052242516, 0.011214643371680301, -1.059160122808164, 0.05145502359246894, -0.009636239932205541, 0.9986287215111916, 78.06867831008663], [0.9986987603104871, 0.036115524107856845, -0.036006319899560206, -5.476749931514016, -0.03576217437455782, 0.9993061089826968, 0.010409968004869355, -1.0620981808200283, 0.03635729328169273, -0.00910875645980236, 0.9992972419560631, 78.5606854940305], [0.9990033373584724, 0.04114009072898492, -0.01731545210046852, -5.497956806000991, -0.04096147745355619, 0.9991050621929628, 0.010546661330194164, -1.0669543632761855, 0.017733844705256484, -0.009826881903393562, 0.9997943504261443, 79.03814554237977], [0.9992110534065789, 0.0394361383944756, 0.004696992510648204, -5.482399189585364, -0.039483469073886016, 0.9991655707880431, 0.01045073306957506, -1.0685803705002033, -0.004280936191531835, -0.01062794001515157, 0.9999342580771836, 79.51960919497581], [0.9988937011154404, 0.03537386908781347, 0.03098488756883799, -5.445402483673391, -0.03572171997236686, 0.9993040028809529, 0.010745629265742367, -1.0726282109845602, -0.030583204605729695, -0.011840573201336631, 0.9994619894835006, 79.98854206210767], [0.9975231861393566, 0.0361052565739382, 0.06036475430344071, -5.400034618013519, -0.036838774151267135, 0.9992597658743803, 0.01108264515840968, -1.0713575594649962, -0.05991992248457077, -0.013278957252054175, 0.9981147590251086, 80.44171669413831], [0.9950070211541692, 0.03549954792823587, 0.0932781322218443, -5.333736396507268, -0.03678205637272378, 0.9992504689033535, 0.01206568379405908, -1.0788666839251304, -0.092779881734279, -0.015436399584433757, 0.9955668792769536, 80.8942066370635], [0.9907825852885257, 0.03550866664601487, 0.1307249145419714, -5.253693812173773, -0.037348590066780867, 0.9992343954315591, 0.011649283520728453, -1.0872509675281024, -0.1302111673756316, -0.016424296365979626, 0.9913501371259134, 81.3356103781009], [0.9844041750070454, 0.03592983686435279, 0.17221343458510285, -5.149540118003144, -0.038250937461514686, 0.9992163350487957, 0.010177502393229187, -1.0810891749477576, -0.17171278375282836, -0.01660609902300542, 0.9850069834123524, 81.76440286640153], [0.9753820216448461, 0.03520428236931158, 0.21769375359636012, -5.0412354417229395, -0.038115682367194405, 0.999231093467065, 0.009187851016030152, -1.0964239682378796, -0.2172028939980607, -0.01725920845832304, 0.9759737816981914, 82.16737608837539], [0.9628041522302273, 0.03715867826707535, 0.26763295215215016, -4.938064616178393, -0.04013363477845532, 0.9991783350860236, 0.005652084056981459, -1.0988687990527708, -0.2672029968266266, -0.016182931057067015, 0.9635042663264556, 82.54168279117746], [0.9464457478124959, 0.038529358271727134, 0.3205556659908106, -4.773059313411944, -0.041150149546526904, 0.9991519890074608, 0.0014028737395074555, -1.1106361544928354, -0.3202297473900781, -0.014518655547256214, 0.9472285455620497, 82.92675290487854], [0.9258056385719302, 0.038435575147114466, 0.3760407240599465, -4.598900945686629, -0.04066504890524234, 0.9991708134400262, -0.002009817684781166, -1.1210292294490312, -0.37580612703996646, -0.013431012066221375, 0.926600864878782, 83.27913278303251], [0.9005574522842861, 0.03928354078936468, 0.4329585182881658, -4.396248074494068, -0.04103746393719147, 0.999143568390702, -0.005296819526272459, -1.1326006890255267, -0.4327957534516512, -0.012997427503125802, 0.901398193182418, 83.62657227822304], [0.8705364505950335, 0.03964007039736158, 0.4905047940686114, -4.177822102425291, -0.040313766318026405, 0.9991447346289489, -0.009197799111651377, -1.1366350826142357, -0.49044983464198694, -0.011767074597393602, 0.8713898643288641, 83.95094216395785], [0.8363077987255515, 0.03882147186721032, 0.5468840453998307, -3.927510350852492, -0.037139254046648716, 0.9992101073563332, -0.01413637739306286, -1.1383954027661283, -0.5470008059714664, -0.008488501507864456, 0.8370889221634261, 84.25115847293365], [0.7981194857627142, 0.03822785851739267, 0.6012852212378359, -3.673924124441934, -0.03469925067904619, 0.9992450840162765, -0.0174706631703825, -1.1492395293524242, -0.601499107282975, -0.006920468743919548, 0.7988433707868885, 84.53779166280647], [0.7571188749042197, 0.036976807077832304, 0.6522298099612557, -3.4016808653884256, -0.033409391998703665, 0.9992819792427919, -0.0178700444006501, -1.167338050085544, -0.6524222073420349, -0.008260852177190551, 0.7578105447196305, 84.79590979705294], [0.711592255280741, 0.036919729105141005, 0.7016219750173665, -3.1260514406661835, -0.03442344099649721, 0.9992511445213315, -0.017668528030517428, -1.1773048540068072, -0.7017488086344634, -0.011579453312350158, 0.712330208429425, 85.05817168442347], [0.6654562069925776, 0.03615267493884781, 0.7455608765686513, -2.8172982464891403, -0.03303230230559642, 0.9992741990772401, -0.01897213912365579, -1.1889080766158715, -0.745705566789371, -0.012002462842222289, 0.6661673577601002, 85.2742647629671], [0.6177540528323578, 0.034716702765563295, 0.7856046593282667, -2.4990588483432914, -0.029017859368199908, 0.9993509793120712, -0.021344413453806728, -1.2087960466079053, -0.7858357147109694, -0.009610966166096002, 0.6183604602608932, 85.47391702042762], [0.5701559053124856, 0.03207567436283259, 0.8209101015040973, -2.16160895014484, -0.022233055441308297, 0.9994739680316487, -0.0236109820382389, -1.2235413112164437, -0.8212355325793542, -0.004789398001086951, 0.5705690682957681, 85.65363567042013], [0.5228005191992895, 0.034402666811814336, 0.8517605729553268, -1.820395050766488, -0.02275584793702991, 0.9993924670829628, -0.02639825983831362, -1.2364332507034463, -0.852151185678885, -0.005581509089565637, 0.5232657102298629, 85.81803534284893], [0.4753081435192052, 0.037353103033638244, 0.879026117017056, -1.5853657059358768, -0.024815412175480344, 0.9992700399070995, -0.02904449453201341, -1.2529234854881321, -0.8794692770706506, -0.008008309350631347, 0.4758880726286184, 85.89445563192996], [0.4293359506592866, 0.03956191356869343, 0.9022779485647802, -1.240922210788564, -0.024016272425775545, 0.999186941146597, -0.03238325648962806, -1.2680323042455977, -0.90282539679375, -0.007766055549552121, 0.4299369619902655, 86.0230051216212], [0.38680233302156714, 0.03733276976740156, 0.921406652608155, -0.8938214009422665, -0.015232748863997845, 0.9993025295188014, -0.03409424965249704, -1.2812421356395423, -0.9220367392250574, -0.000847820267931766, 0.3871011918349348, 86.12185324709107], [0.34738224387303296, 0.030054275582174973, 0.937241866948423, -0.5348263455781437, 0.0008706904923874858, 0.9994754901512625, -0.03237261937124094, -1.2954713581373039, -0.9377231161935591, 0.012061720013298265, 0.3471738358035812, 86.2007753220852], [0.3120725131560815, 0.026647370668996643, 0.9496845077018339, -0.17629869343308513, 0.00687406389415977, 0.999517075839128, -0.030304493917122196, -1.3069196769389226, -0.9500333221690545, 0.01598539044281934, 0.31173859892677797, 86.27453694096909], [0.2788139442347247, 0.03078357165034917, 0.9598516323978004, 0.18834095433637488, 0.005573055607809533, 0.99941742151283, -0.0336713324333009, -1.3182095378771352, -0.9603288713118785, 0.014737342531860292, 0.27847992685283945, 86.35635065533931], [0.247506555889541, 0.0385439839495121, 0.9681192416706712, 0.5553832484834293, -0.0033739384946989627, 0.9992366221376111, -0.03892029699329217, -1.3340682555674428, -0.9688802472781121, 0.006366653729313276, 0.24744763517683105, 86.44505175051621], [0.21934945133664943, 0.04273166873731282, 0.9747101223877966, 0.8822525986652043, -0.007751986950853796, 0.9990851910767692, -0.04205576856276072, -1.3669735263740554, -0.9756154644729386, 0.0016689699232951326, 0.2194800219169346, 86.49465604797207], [0.19430215920175542, 0.04419044769137555, 0.9799458532298453, 1.2239810488380296, -0.0056818828993523175, 0.9990187204178121, -0.04392393950308341, -1.4001626074416322, -0.980925172824584, 0.002966578883741451, 0.1943625599975381, 86.51774271089438], [0.1714731122227095, 0.04573151745257177, 0.9841268211445825, 1.6113360268121995, 0.003227735023989301, 0.9988906164738965, -0.04697997495751615, -1.421809157869094, -0.9851834140784271, 0.011232302483606819, 0.17113525646605096, 86.54397738311485], [0.15159260274182382, 0.051770949239838104, 0.9870863445559176, 2.0705334621510167, 0.01035820509617, 0.9984893834219138, -0.0539597885550634, -1.46490949650693, -0.9883886861832195, 0.018404346234725057, 0.15082733527014033, 86.5824326865893], [0.13148384122427745, 0.058480572765386284, 0.98959184622042, 2.5488774123277333, 0.01234858567608608, 0.9980843376706443, -0.0606231583501441, -1.5024761525690802, -0.9912413002861772, 0.020191023885609873, 0.13050979718561062, 86.646703625665], [0.11436230340083078, 0.05872297885249166, 0.9917020093332191, 2.9223441074477643, 0.011476987824745695, 0.9981067116940581, -0.060425746348224806, -1.5390105199380657, -0.993372711992831, 0.018292178075073343, 0.11347180834589565, 86.66053517656255], [0.0989476845952584, 0.05478062915392552, 0.9935836343170792, 3.3941194511396073, 0.010727755005302694, 0.9983668071081622, -0.056112687845038776, -1.5423585245143643, -0.9950347094185202, 0.016211141204042483, 0.09819840097106315, 86.69714149572908], [0.08436649487987548, 0.05130213440219532, 0.995113252623771, 3.822542410542397, 0.010685723451004808, 0.9985697239768667, -0.05238627368965722, -1.5876668834146803, -0.9963773940051134, 0.015053150285843529, 0.08369761873590655, 86.73237764925237], [0.07118612015479275, 0.04854027690647392, 0.9962812744477075, 4.271202512724473, 0.013261732302169035, 0.998680876876566, -0.04960476405944751, -1.6287355055102513, -0.997374786017322, 0.016743585059718263, 0.07044848171720293, 86.7571462517222], [0.0600709810968591, 0.04784107176805638, 0.9970469944200939, 4.744929076114647, 0.01807511396218443, 0.9986349061464533, -0.049006269814309326, -1.648453611355092, -0.9980303443531001, 0.020965591140927435, 0.059124239856033586, 86.7668251341281], [0.049575242942538726, 0.04807650368825187, 0.9976126227550952, 5.271784011790528, 0.019638613139991434, 0.9986007764007839, -0.049100043235048886, -1.7012797180135848, -0.9985771981707137, 0.022025873211180474, 0.04856171540238068, 86.79788577713897], [0.041948949014982424, 0.048571819132227606, 0.9979384069484062, 5.8085102865070075, 0.02323224117815767, 0.9985001296421409, -0.04957574078581448, -1.7393803851600083, -0.998849512729624, 0.025263993927392987, 0.04075759476023039, 86.82009606162784], [0.036841198620945675, 0.048912309242945914, 0.9981233952215993, 6.348894027950067, 0.025056721191130917, 0.9984422167779792, -0.04985278807267552, -1.7708831145527146, -0.9990068504154556, 0.026846333890977105, 0.035558222391113926, 86.80793998564508], [0.03297643773254126, 0.05005968230199021, 0.9982016743936538, 6.830243265228377, 0.02774910481816327, 0.9983139885819184, -0.05098203000514791, -1.779511366321337, -0.9990707392763544, 0.02938040617231486, 0.03153172457952177, 86.74795256988985], [0.02674737188111107, 0.050628318199324514, 0.9983593298476056, 7.4304875630388505, 0.028367112981865453, 0.9982760052614611, -0.05138408528219053, -1.8205451959075145, -0.9992395534970461, 0.029694958654608982, 0.025265077825643002, 86.78229224333549], [0.023080671322898556, 0.05089741730082013, 0.9984371465061729, 7.9977500005751, 0.031473277064425424, 0.9981711747642529, -0.05161142025338167, -1.8414154260449527, -0.9992379675105237, 0.03261531238921537, 0.02143655017026728, 86.76035408401987], [0.020690156740897327, 0.05119848227116967, 0.9984741523079926, 8.62118613180784, 0.033130629835261535, 0.9981043406102311, -0.05186604497866359, -1.8728316364991306, -0.9992367482495484, 0.034153191204961755, 0.018954695412922135, 86.74863632236729], [0.017997993290971414, 0.0511151652750556, 0.9985305764554235, 9.27854756126559, 0.03430888038161423, 0.9980726246057691, -0.05171012221515004, -1.8978057062576352, -0.999249104693227, 0.03518914149871305, 0.01620959871121526, 86.74608879258734], [0.016017756585183382, 0.050786939934831306, 0.9985810523968659, 9.923664057677748, 0.037143193000642616, 0.9979896231406093, -0.05135265638090678, -1.9250220774254365, -0.999181472495342, 0.037913039794444735, 0.014099164358077258, 86.74147533838878], [0.016095399319356187, 0.05055449526692055, 0.9985915987675121, 10.59693680427634, 0.042104707541863705, 0.997800811386842, -0.051193108897275075, -1.9541620498104268, -0.9989834493565076, 0.04286937694280543, 0.013931418891143545, 86.73286969999182], [0.01720082093060163, 0.050262501152484866, 0.9985879093686286, 11.282812751888597, 0.044905515848248596, 0.9976890481576276, -0.05099076222928947, -2.0013389510780835, -0.9988430441384213, 0.04571918406803177, 0.014904005651379126, 86.73037963009044], [0.020220193011877247, 0.050520109231745804, 0.9985183335110946, 11.975740893791423, 0.04680094066660187, 0.997579880961723, -0.05142035640784417, -2.027600890987859, -0.9986994624112693, 0.04777132251500743, 0.017806867344364322, 86.72139425039344], [0.024720391237171915, 0.050883863108891605, 0.9983985851012589, 12.670325126301162, 0.05033310954746187, 0.9973737875596016, -0.05207788371556597, -2.048222065128247, -0.9984264023546938, 0.051539886341781624, 0.022094324994227407, 86.71922538553837], [0.028935863592125584, 0.05042409933367502, 0.9983086326405098, 13.427788078076334, 0.049670932869316606, 0.9974204706934163, -0.05181894508391678, -2.1006122463682435, -0.998346290040128, 0.05108634237213372, 0.02635660801698301, 86.74939539231038], [0.03378141683327382, 0.0490373580535667, 0.9982255022748425, 14.149533135964665, 0.052875547919543936, 0.9973090758723242, -0.050781725205950985, -2.11949611704417, -0.998029454997589, 0.05449719403648788, 0.031097633340434076, 86.75361698189253], [0.03832732296176175, 0.04734089502687858, 0.9981432041408878, 14.907395634863237, 0.052629199463059814, 0.9973951489128774, -0.049326304229393304, -2.164110170303543, -0.9978782413062697, 0.05442201801336697, 0.03573596903500107, 86.76467304000704], [0.04258667131230731, 0.045968634661105075, 0.9980346988226063, 15.683609300457734, 0.05182616310705076, 0.997494423810636, -0.04815519997137272, -2.1718845377435323, -0.9977475758380512, 0.05377507386274248, 0.04009758521857384, 86.81154968897138], [0.046505259223096666, 0.04518168369614643, 0.9978957241731088, 16.45972388893063, 0.05058247108941789, 0.9975884822927933, -0.047525084063508485, -2.200142866128444, -0.9976364444900929, 0.05268619318301591, 0.04410770537059915, 86.86232034795721], [0.04926335606489809, 0.04554372164709174, 0.9977469073706792, 17.30918170479758, 0.045648327404760256, 0.9978132746280305, -0.047800619046503276, -2.2812043258282544, -0.9977420271835973, 0.04790029210047174, 0.0470766312332023, 86.95630429394514], [0.05266794973552767, 0.04995550723428436, 0.9973617871001579, 18.129683527162094, 0.043994664236109246, 0.9976621817612141, -0.05229379123950552, -2.3152880245625984, -0.9976423996024328, 0.04663279953027959, 0.050347040861208246, 87.01082102222372], [0.05397899808974088, 0.05438674713885295, 0.9970598525168295, 18.892277681894356, 0.036643883548890144, 0.9977351498627695, -0.056407415529933495, -2.391986683129652, -0.9978693774112235, 0.03958095742386295, 0.05186379695278136, 87.04200431372468], [0.054062585939300904, 0.05729678961234274, 0.9968923285398852, 19.69739990012032, 0.03322054167900434, 0.997696503080198, -0.05914459698139935, -2.4505517813365794, -0.9979846858447836, 0.036314809855448035, 0.05203461736635438, 87.0854484072955], [0.05503836739021189, 0.05666074035886964, 0.9968752873940674, 20.463454264457898, 0.03128432144901803, 0.9978005769283552, -0.058440567356160836, -2.5029423851237653, -0.9979939228838844, 0.034403037391813364, 0.053144716624179265, 87.09571800290628], [0.055036756686243866, 0.05435992767943395, 0.9970034872938738, 21.271386990598014, 0.027601026613043644, 0.9980525109664238, -0.055940760483898004, -2.5789782119339737, -0.998102669804128, 0.030597115230051316, 0.05342917807230379, 87.14765682155821], [0.05489545372189279, 0.052812499509694875, 0.9970944433985206, 22.096603672392867, 0.027456844946234408, 0.998142761732987, -0.054379673276311095, -2.6491275151206484, -0.9981144280835159, 0.03036226181071303, 0.05334342986033385, 87.19842805216703], [0.05505642405499899, 0.05244987506383172, 0.9971047090331409,