{"algorithm description": "Algorithm 5: SGBM + SIFT + BF + Filter: Lowe Ratio Test ", "odometry": [[1.0, 9.04368e-12, 2.326809e-11, 5.5511150000000004e-17, 9.043683e-12, 1.0, 2.39237e-10, 3.330669e-16, 2.32681e-11, 2.39237e-10, 0.9999999, -4.440892e-16], [0.9999911908631088, -0.002579732625677538, -0.0033110686735896852, -0.002234805871363831, 0.0025735308939667427, 0.9999949288968614, -0.0018759315816670276, -0.011096681816732996, 0.0033158910009017445, 0.001867394210417469, 0.999992658825925, 0.6640728889391411], [0.9999720147461166, -0.0012443506023943312, -0.0073770804638717555, -0.015020141553056499, 0.0012195895568455262, 0.9999936113645157, -0.0033600344443206424, -0.015912378726154017, 0.007381213704275603, 0.0033509435459285284, 0.9999670438877541, 1.3518225347422772], [0.9999375069400922, -0.0010698077432832983, -0.011128240014739376, -0.034246999387158604, 0.0010174338182787075, 0.9999883856024531, -0.004710996563935178, -0.02209222010226313, 0.011133149561243585, 0.004699379920096349, 0.9999268817314712, 2.0587970057607166], [0.999874325481429, 0.000395086038151771, -0.015848569338593955, -0.05697483830809377, -0.0004790366947097372, 0.9999858740395403, -0.005293604180713354, -0.029932392589136207, 0.015846252494902593, 0.005300530904260701, 0.9998602905676426, 2.785037434756019], [0.9997983268127164, -0.0006205031781752127, -0.020072884154961453, -0.0790975932083828, 0.0005100661370925156, 0.9999847092747776, -0.005506455227697843, -0.03934910274796948, 0.020075992038146168, 0.005495106153767269, 0.9997832556869778, 3.5285882991734634], [0.999695765423959, 0.0012875033947618323, -0.024631665157128158, -0.10567807303344395, -0.0014549054142258516, 0.9999759605310033, -0.006779499268612352, -0.04831941139789094, 0.024622341980245644, 0.006813273250720037, 0.999673506492509, 4.283914088912276], [0.9995583169503008, 0.0039922501785142755, -0.0294488192291894, -0.14036274658164255, -0.004207292218015902, 0.9999649117982822, -0.007243884624049848, -0.060889961678666296, 0.029418863626012374, 0.0073645846531544944, 0.9995399408507146, 5.052922649923218], [0.9994249516262679, 0.004485044048542918, -0.03361027293424048, -0.1793588390408745, -0.004678255599122437, 0.9999729699428843, -0.005672151986463232, -0.06966446515427549, 0.03358392128101265, 0.005826127568287354, 0.9994188193490046, 5.832687838487817], [0.9992704952983016, 0.0037507652771432767, -0.03800538101535744, -0.21543849620153954, -0.003869015362429729, 0.9999878995514563, -0.003038333555229229, -0.07885776433599637, 0.037993521302499285, 0.0031831606399453237, 0.9992728155150556, 6.6305271994530806], [0.9991351860827844, 0.0034662251412627956, -0.041435072276866915, -0.2557105299799638, -0.003482131401302339, 0.9999938887776673, -0.00031171817960526377, -0.08982836307503275, 0.04143373447399272, 0.0004557314007349334, 0.9991410500807374, 7.443361130764346], [0.9990105688411176, 0.004968000063107482, -0.04419504858147241, -0.2992524688993695, -0.005013588383739561, 0.9999870079975107, -0.0009207430182800271, -0.09931461988081215, 0.04418989577301959, 0.0011414081531933046, 0.99902239729598, 8.262467782043265], [0.9989132591747296, 0.004466593699868627, -0.046393428259169804, -0.3450014298642527, -0.004526629541844411, 0.9999890477966845, -0.0011890801790568652, -0.10583702722723509, 0.04638760441643345, 0.0013977941588842189, 0.9989224375936316, 9.084963853788027], [0.9988328412421476, 0.0014681439445512375, -0.0482783575683339, -0.3856361522577033, -0.001560213219558121, 0.9999970354934556, -0.0018694221062823188, -0.11165286965107427, 0.04827546508427017, 0.0019425650098797364, 0.9988320709268846, 9.919820657235183], [0.9987359483204947, 0.0016679919533836224, -0.05023667320996219, -0.4339572760183015, -0.0017281649612213236, 0.9999978404256775, -0.001154378555554179, -0.11984980450445791, 0.05023463424817743, 0.0012397369743887467, 0.9987365741646771, 10.755747837098227], [0.998670679524606, 0.0003179518720500415, -0.051543891630996555, -0.48258759322892564, -0.0003874278658655478, 0.9999990299421512, -0.0013379142000654134, -0.13255970776839265, 0.051543411130062715, 0.001356105566135521, 0.9986697340696675, 11.602098681047854], [0.9985670238529818, 0.00268875671691177, -0.053447819980941697, -0.536166723544819, -0.002885578560444931, 0.999989336208452, -0.0036056768785509745, -0.14403091768601767, 0.053437549937937874, 0.0037547380161496472, 0.9985640341005028, 12.459008450276205], [0.9984922839247291, 0.003119795785284055, -0.05480352011536846, -0.5915289293324277, -0.003466515948489193, 0.9999745681376984, -0.006232683611737735, -0.15497720170065618, 0.054782676226267604, 0.006413263608257891, 0.9984776053749971, 13.322778126632633], [0.9983838928692101, 0.007141191872373948, -0.056379125906339284, -0.6542020362869434, -0.007600073103649804, 0.9999396831946352, -0.007928988676566977, -0.16629222827302226, 0.056319097278996394, 0.0083446597041461, 0.998377847278329, 14.195873672784666], [0.998328408748158, 0.00831532904887703, -0.05719478638109619, -0.7163322103264699, -0.00876783523705196, 0.999932181994826, -0.007665277315482432, -0.17972725509871806, 0.05712716257119475, 0.00815393823182114, 0.9983335117023194, 15.081273796629825], [0.998255235659321, 0.00765073852301909, -0.05854870347672471, -0.7732016766177419, -0.008028146806754675, 0.9999484689965804, -0.006213550534562817, -0.19521204898166222, 0.058498142345645064, 0.0066727467515478025, 0.9982651159851814, 15.971491729694943], [0.9981718773693521, 0.00841139702607509, -0.059851078762311875, -0.8334110053957974, -0.008711289847560129, 0.9999507671861205, -0.004751487459959037, -0.20807887256325602, 0.05980815953926698, 0.0052641812054153485, 0.9981959088519506, 16.870079011521373], [0.998116467078907, 0.008020505149681452, -0.060820963845246184, -0.8932544738780139, -0.008320655997830155, 0.9999544155435758, -0.00468332346444332, -0.22187694335130267, 0.06078062269911035, 0.005180572548898573, 0.9981376045277442, 17.775290971212684], [0.9980126004366454, 0.00805490857273651, -0.06249774249978311, -0.9534523774959733, -0.008414652395139397, 0.9999494978261504, -0.0054950361509227075, -0.2372503222210336, 0.062450318011511685, 0.00601001197491555, 0.9980298780779722, 18.683583269011205], [0.9979605163495591, 0.006990025597799906, -0.06345035342268142, -1.0144416240038774, -0.007403658379141826, 0.9999528335306616, -0.006286219579936051, -0.2517891792520861, 0.06340341356031186, 0.006743163483117117, 0.9979650980345703, 19.59724029240571], [0.997923721543249, 0.007357753681607398, -0.06398522831116871, -1.0775833038861893, -0.007664593345957793, 0.9999602688917775, -0.004551334609376575, -0.26582826951397376, 0.06394919215601201, 0.005032305502097599, 0.9979403673185773, 20.52185470296186], [0.997916483357577, 0.009078655123944793, -0.06387699323220636, -1.14312721482524, -0.009167878977890936, 0.9999573648653426, -0.00110383269034982, -0.2812708923579616, 0.06386424216731587, 0.0016871496901543265, 0.9979570692661721, 21.44499639657974], [0.9979536290406819, 0.010280533406454836, -0.06310994309466608, -1.2040558138173731, -0.010129979499914671, 0.9999450314736869, 0.0027050963790738276, -0.29580390696118897, 0.06313427759595673, -0.0020602576336601016, 0.9980028147910855, 22.375785773963045], [0.9980656439311749, 0.009491208302483992, -0.06144011205400315, -1.265017935606121, -0.009167663339787174, 0.9999425974614169, 0.005545784976393115, -0.3048071343910803, 0.061489215329149596, -0.004971794214630259, 0.9980952648222029, 23.310210353871604], [0.998153066493969, 0.009944948804577008, -0.05992957401785208, -1.3234451866922086, -0.009584151647310593, 0.9999341945997621, 0.006304800340053449, -0.31322947997982054, 0.05998832528788392, -0.005718780616727552, 0.9981825967113548, 24.246406281381656], [0.9982224408987475, 0.010477763838484458, -0.05867005156885417, -1.3808799875446653, -0.0102901197947964, 0.9999409316885045, 0.0034995097564528926, -0.32332490655853097, 0.058703247235955755, -0.002889566544135222, 0.9982711952015602, 25.183796229236602], [0.9982643113050068, 0.011685859404102947, -0.057721793672133884, -1.43928602567855, -0.011781158834870952, 0.9999297403468547, -0.0013109791686297723, -0.33364537735409605, 0.05770241251126179, 0.001988733616503044, 0.9983317467300101, 26.11187231182678], [0.9983355782296127, 0.01086338879237721, -0.056639738919692345, -1.4933998950444662, -0.011117377912873991, 0.9999295003590941, -0.004171117351019159, -0.3462256328759322, 0.056590427751050706, 0.004793860234509513, 0.9983858684852344, 27.056619371102787], [0.9983988039855208, 0.008521694529184479, -0.055921453152015195, -1.5473790034838961, -0.008710406816500234, 0.999957159655175, -0.0031317195670864297, -0.35983158420563377, 0.05589236435323418, 0.0036138037943904697, 0.9984301598154733, 28.017341385802304], [0.9984040667532518, 0.007303072348474109, -0.0559998627216318, -1.6070997210477784, -0.007211641705816088, 0.9999723128378373, 0.0018346066756449147, -0.3737169782480841, 0.05601170495147498, -0.0014278271987501476, 0.9984289910744429, 28.980805719695375], [0.9983854845292609, 0.003687265923810902, -0.05668181676058319, -1.6619023818026042, -0.0033901909847217637, 0.9999800147181798, 0.005336362929657889, -0.38667220970004396, 0.05670035492249161, -0.0051355841127768385, 0.9983779322117925, 29.955187463161096], [0.9983222397129611, -0.0034117007968953207, -0.05780195491650611, -1.7092761527223537, 0.00368779564827386, 0.9999822928183504, 0.00467056881037326, -0.3969559232330697, 0.0577849910931813, -0.004875893547412208, 0.9983170440628998, 30.931461318815185], [0.9982230622092843, -0.005470500349444195, -0.059336259567370944, -1.7643119601061754, 0.0055274231870768315, 0.9999844074760637, 0.0007952343415419248, -0.4055414669777687, 0.05933097815157981, -0.0011217972861635793, 0.9982376353366147, 31.908522192802497], [0.9981551221935426, -0.004801922389148274, -0.06052514832829805, -1.8334882682525677, 0.004617142632415054, 0.9999842450742301, -0.00319242810960804, -0.4163053700748208, 0.060539518545801176, 0.0029070854146942926, 0.9981614676737651, 32.87857798206247], [0.9980292221158333, -0.0030625528944012628, -0.0626760925124855, -1.9003921232612624, 0.002814190870280836, 0.999987836723752, -0.0040505227189969115, -0.4290717273701872, 0.06268772888495243, 0.003866157642779096, 0.9980256016116715, 33.85691900270146], [0.9979924531647754, -0.0027363915889382644, -0.06327381438814761, -1.9713664306926877, 0.0025685220636747154, 0.9999929632484099, -0.0027342545736494506, -0.44292165384634763, 0.06328084485683748, 0.002566245462943072, 0.9979923592184661, 34.84849220982851], [0.9979211660945615, 0.0006854649526535528, -0.06444281494681464, -2.0411531911211602, -0.0006767847664508802, 0.9999997587310888, 0.00015652522102831598, -0.46273223608671354, 0.06444290029314498, -0.00011258542586447641, 0.9979212894443833, 35.82526232322557], [0.9978365270099363, 0.0010304102652215444, -0.0657358625062003, -2.106601775600923, -0.0009295881069073983, 0.9999983443914369, 0.001564314654307836, -0.4800929714604486, 0.06573735903147537, -0.0014998223973190336, 0.9978357330544713, 36.82014568248017], [0.9977572886883117, 0.002414828311259286, -0.06689216302061318, -2.163897556483436, -0.002136569490028775, 0.9999887666246214, 0.004231039515745156, -0.49390254604993844, 0.06690162218509133, -0.004078629874487333, 0.9977511401784318, 37.78924416506821], [0.9977681123805029, 0.0025747454644166894, -0.06672454272935507, -2.2339910500297613, -0.002094849354785285, 0.9999714431238269, 0.007261166781788539, -0.5058068304372207, 0.06674132631238502, -0.007105181619162081, 0.9977449131698107, 38.78783427298473], [0.9976988118618892, 0.008932046949528738, -0.06721085735702428, -2.31101713692897, -0.008309582711736778, 0.9999200118148794, 0.009535240284830961, -0.5160516756648457, 0.06729064380981105, -0.008954802350327066, 0.997693129559655, 39.769349427057485], [0.9976800795740604, 0.009128469530468624, -0.06746206241383583, -2.383276143844648, -0.008539741070707417, 0.9999229429427665, 0.0090100498957239, -0.5254609369987165, 0.06753910524020328, -0.00841303743165649, 0.9976810562822855, 40.769306393040075], [0.9976766811017711, 0.009596032458453502, -0.06744743247012486, -2.451923545345186, -0.00912379146640888, 0.9999316857672631, 0.007306177380708661, -0.5328776584927201, 0.06751292845658699, -0.006673825345653892, 0.9976959780145865, 41.76669570316844], [0.9976466169589275, 0.012105848683868268, -0.06748834046004638, -2.527259993905093, -0.011788394001299614, 0.9999175078690432, 0.005100119982271285, -0.5425985381891216, 0.06754450777013664, -0.00429253739030926, 0.9977069277061545, 42.751548986299255], [0.9975806236418142, 0.011838364492794712, -0.06850366749704405, -2.5978579468820477, -0.011516255977652084, 0.9999207048405808, 0.005095083843765034, -0.5505946533224131, 0.06855854613253078, -0.004293850239694754, 0.9976377541985486, 43.74576936662924], [0.9975140523209882, 0.009947655406619946, -0.06976216434481174, -2.665235267817022, -0.009537329776792518, 0.9999352206115825, 0.00621240059851437, -0.5585567574558845, 0.0698194370747852, -0.005531611096299302, 0.9975442082861544, 44.719930277012246], [0.9974533778205469, 0.010838193478610758, -0.070493209860968, -2.7414480198748903, -0.01035540708427307, 0.9999203835897655, 0.007210549619641706, -0.5679445946056602, 0.07056573976140576, -0.006462200064106754, 0.9974860983203067, 45.70233122393646], [0.9974038453949815, 0.013289261332792795, -0.07077403990541632, -2.816944674166221, -0.0130673158702878, 0.9999081453764809, 0.003598064162133073, -0.5777942260283723, 0.07081534755619595, -0.0026638955509911476, 0.9974857844656235, 46.667502652263416], [0.9973235387255331, 0.013943048461499527, -0.07177290925956405, -2.889017753748581, -0.014026776228821479, 0.9999014003597205, -0.0006626517174863819, -0.5866204055762454, 0.0717565859555599, 0.0016676210056148025, 0.9974206792583538, 47.61908183062291], [0.9972733188058813, 0.01478670986570812, -0.07229993644016505, -2.9678778222276234, -0.014969336067708882, 0.9998859834208759, -0.0019847257146330924, -0.5956280876662726, 0.07226233829844808, 0.0030615962195460027, 0.9973808606005236, 48.58427274300258], [0.9972867347875446, 0.013557038250651129, -0.07235589354482183, -3.042053764620328, -0.01348058943047496, 0.9999079393755719, 0.0015448243612392264, -0.6095199148853423, 0.07237016846197895, -0.0005652322137038, 0.9973775810741594, 49.5615539965011], [0.9972889641916495, 0.01185629841379769, -0.07262334397059413, -3.11222673772482, -0.011549732142257055, 0.9999225348594928, 0.004639824092674982, -0.6229738174954241, 0.07267272210569027, -0.003788464335445019, 0.997348546396765, 50.53041250539692], [0.9972892212658638, 0.010383268674101397, -0.07284501958658202, -3.1843373033407345, -0.010027482585211696, 0.9999359510814716, 0.0052481737583666335, -0.6355014895042972, 0.07289483989216605, -0.004503494025949794, 0.9973293642817629, 51.48865908081938], [0.997294229462356, 0.00721490839075154, -0.07315849217964743, -3.251553583326983, -0.006940038454646435, 0.9999678745860038, 0.004010693481203099, -0.6469540252477907, 0.07318507144343069, -0.0034921178879294794, 0.9973121629813246, 52.44761981096564], [0.9972721161374191, 0.004831895248900842, -0.07365445786304387, -3.3214558867335, -0.00464403224188863, 0.999985512698566, 0.0027216461057209995, -0.6606344205321917, 0.0736665341951311, -0.0023721673782462972, 0.9972800081028489, 53.39924572754551], [0.997200050993717, 0.003775851496599122, -0.07468467877419588, -3.395255047196373, -0.0034913870967380836, 0.9999861468968382, 0.003939064680655272, -0.673320273291309, 0.07469851005778921, -0.003667281531249712, 0.9971993199161983, 54.346061199719195], [0.9971139356576048, 0.0009257878317649194, -0.0759140450397268, -3.465191145764629, -0.00031106521751993524, 0.9999670728294513, 0.008109037879541169, -0.6845767916299289, 0.07591904510796248, -0.00806201917082971, 0.9970812917895893, 55.29546823579278], [0.9970665414085164, 0.00039279769120134894, -0.07653860276771443, -3.5379850879711703, 0.0006081423833247636, 0.9999146100866904, 0.013053838440336587, -0.6916422779598688, 0.07653718705363087, -0.01306209012945512, 0.9969810634106243, 56.242807629153724], [0.997019560204278, 0.002480620602400584, -0.0771092931590996, -3.6183502346139913, -0.0013064175528921499, 0.9998824846910376, 0.01527449119471203, -0.6966733154168779, 0.0771381141861989, -0.015128227567865872, 0.9969055361820716, 57.18713247110415], [0.9969082511601471, 0.003877316475036076, -0.07847869255900289, -3.6974462543918234, -0.0030008839663112443, 0.9999318461316546, 0.011282632102677837, -0.7030729709870085, 0.07851708246110298, -0.011012242007920617, 0.9968518436998384, 58.11370482131424], [0.9967808372169611, 0.005545059747030489, -0.07998259103990969, -3.774781125523238, -0.005286155591198429, 0.9999800824050035, 0.0034483840201859073, -0.7089860981946827, 0.08000011151832212, -0.003014481909691852, 0.9967901961074276, 59.028271241725676], [0.9966813453089935, 0.007299649615215749, -0.0810741082501131, -3.8532975535423284, -0.007432926872122393, 0.999971474633273, -0.0013422063454383306, -0.7187859050918602, 0.08106198988203542, 0.0019403702286621245, 0.9967070726947574, 59.937129419347876], [0.9965225136181441, 0.011975051202366478, -0.08245894736702551, -3.9335495202326114, -0.012049766369773939, 0.9999273154964534, -0.00040847826423160214, -0.7309579110848421, 0.0824480541270463, 0.0014006691764298813, 0.9965942787797519, 60.839693780379605], [0.9963826126234849, 0.015083291354565792, -0.08363123569285272, -4.012512527892094, -0.014974710327915109, 0.9998860187731862, 0.0019254901985311923, -0.7498563535117354, 0.08365073770580132, -0.0006661708799891438, 0.9964948119772855, 61.71940277027729], [0.9962378634645823, 0.0177298254091692, -0.08482790042484079, -4.0925367889249245, -0.01748751431878227, 0.9998406051732299, 0.003598762256915229, -0.7688189599909192, 0.08487817627302661, -0.002101793409232665, 0.9963890192374871, 62.59747896487054], [0.9961082028362864, 0.01852984585316112, -0.08616897965581143, -4.166295311483116, -0.018288200291909144, 0.9998263011320209, 0.0035929507019620793, -0.7856937155164253, 0.08622058043980117, -0.002003091428153823, 0.9962739578717121, 63.44828192860474], [0.9959155475662135, 0.020151678213997555, -0.08801211269507107, -4.242894313254399, -0.019828582192913762, 0.9997930689128995, 0.004543862007934662, -0.7984668907752988, 0.08808545792625753, -0.0027801466518241487, 0.9961089412742602, 64.29330656925954], [0.995773480988868, 0.0209182484297672, -0.08942930974766826, -4.321808910336413, -0.0205369762345476, 0.9997756670842126, 0.005181516521405419, -0.811757730570067, 0.08951762714444267, -0.003323008322720637, 0.9959795941916316, 65.12499540984842], [0.9956418587646427, 0.020994184465471303, -0.09086546810707598, -4.402665240951821, -0.020557652905680023, 0.9997722059465273, 0.005737518960903431, -0.8245596313101812, 0.09096521496518893, -0.00384453242467887, 0.9958465490409574, 65.95201413426501], [0.995514305610985, 0.02085916714224983, -0.0922830562455073, -4.479456851783773, -0.02031260855133192, 0.9997701562346859, 0.006858034435212896, -0.8340790987955699, 0.09240488924305484, -0.004952760816581065, 0.9957090973794926, 66.76013544094144], [0.9953332157462674, 0.023695467974560035, -0.09354311535148899, -4.5641614811676305, -0.02289917635093803, 0.9996919075187901, 0.00957693917147057, -0.8420092271874834, 0.09374121613765168, -0.007390184149248802, 0.9955690682093764, 67.55757274440975], [0.9951401277271276, 0.025069703640761356, -0.09522413636574273, -4.635037287471392, -0.02385065378495611, 0.9996186347378573, 0.013918742718189514, -0.8516786714030873, 0.09553675042423418, -0.011579939860497334, 0.9953584451398484, 68.340719624276], [0.9949285288571086, 0.028339041100234635, -0.09650969493138868, -4.728527182219911, -0.026951332135734796, 0.9995141934025237, 0.01565256793675217, -0.8562829574968025, 0.09690637899371995, -0.012972119770962307, 0.9952088614049741, 69.11765763149242], [0.9947194471366629, 0.031095540897558973, -0.0978074067973409, -4.8174192442591215, -0.030112466662601693, 0.9994802258567499, 0.011511623379723893, -0.8621443529636108, 0.09811451941230002, -0.008505612037150603, 0.9951386816139641, 69.87278880214406], [0.9945904447008491, 0.031187265198690025, -0.09908179347990291, -4.900419014940035, -0.03091941011319043, 0.9995128954304238, 0.004238153671805297, -0.8707564939506057, 0.09916569682297181, -0.0011516759429362206, 0.9950701674837551, 70.5979040745458], [0.9944589152984964, 0.030321288163199445, -0.10065825980744153, -4.97643779875825, -0.03064166875206539, 0.9995290917852979, -0.0016379288594337133, -0.8772318041607078, 0.1005611848685802, 0.004713190019407897, 0.9949196117966917, 71.30708235110659], [0.9943918936201804, 0.031170157231138713, -0.10106029487715759, -5.0568221887584865, -0.031624992043361055, 0.9994955941081288, -0.0029012474383120546, -0.8823461167612573, 0.10091887706942317, 0.006081007827015717, 0.9948759729709358, 72.00369357073302], [0.9942334290975504, 0.03400789157084381, -0.10170227025898719, -5.136803563824278, -0.034114813153338946, 0.9994176833447248, 0.0006882887317994026, -0.894934007788182, 0.10166644444499556, 0.002785234482383806, 0.9948145437933658, 72.67478906091755], [0.9941020397881939, 0.03430519868667176, -0.10287996807941027, -5.21314569155865, -0.03417741084458391, 0.9994112635728343, 0.0030051342255266113, -0.9111590683573514, 0.10292248035892244, 0.0005287613002066724, 0.9946891391023962, 73.3322139067709], [0.9940895438778397, 0.031176627888148824, -0.10399036794950296, -5.2832329370703075, -0.031371874575768746, 0.9995077522939316, -0.00024205358259990083, -0.9236973948761804, 0.10393162215303983, 0.003502995845309992, 0.9945781753772587, 73.97155606733371], [0.9943547436218543, 0.02311845201505356, -0.10355762170475029, -5.352533493987207, -0.023814970504785524, 0.9997012849856969, -0.005494358725505186, -0.9361528124944861, 0.10339965611466412, 0.00792956305476082, 0.9946081807149695, 74.58558126373613], [0.9945351076757108, 0.019065565068511158, -0.10264708388006237, -5.411088795215112, -0.0202372991839226, 0.9997412599248987, -0.01038580403811025, -0.9469852957757194, 0.10242250353754005, 0.012406345722781285, 0.9946635176555542, 75.18259048931077], [0.9948069616184501, 0.021624162626245825, -0.0994560440907511, -5.479497824095484, -0.02280414775404127, 0.9996822313366744, -0.010742774080334003, -0.9575032939681875, 0.09919212669895991, 0.012954995950516733, 0.9949838642314112, 75.77347546460278], [0.9951047372168808, 0.02665442860083008, -0.09516356132725476, -5.5500922861964765, -0.02753032403030121, 0.9995897289935677, -0.007902844383758174, -0.9689937645157626, 0.09491386321755126, 0.01048404099409594, 0.995430180099823, 76.35191115580841], [0.9955818408203466, 0.02504177650835202, -0.09049700358617346, -5.602208653856309, -0.0256008261298553, 0.9996596313159818, -0.005021874019298419, -0.9789268954255128, 0.09034043559334737, 0.007316484382411204, 0.9958839665107065, 76.91547125294294], [0.9961628678687581, 0.02137056845101201, -0.08486954391047472, -5.640770115368394, -0.021526680537539304, 0.999767846597749, -0.0009246265928047914, -0.9905641260730121, 0.08483007291426446, 0.0027480384420768686, 0.9963915430261808, 77.46579523471625], [0.99690058772487, 0.017014599246712062, -0.07680964526856324, -5.6701316030823525, -0.016877786465178714, 0.999854607055738, 0.002430035689669391, -1.0051467141199792, 0.07683981612583851, -0.0011261266241062657, 0.9970427144794681, 77.99617899618063], [0.9976054958839109, 0.020643391247466943, -0.06600852202572044, -5.707832643111847, -0.020548917893291024, 0.999786622332017, 0.002109924015985195, -1.0144419949302952, 0.06603798670098097, -0.0007484675407012401, 0.9978167287176707, 78.51567361885844], [0.9983884387301503, 0.02585881833938543, -0.0505158086549467, -5.745246090237715, -0.02582626593648077, 0.999665604801474, 0.001297137110105249, -1.0212784174827827, 0.05053245382483212, 9.588492700298561e-06, 0.9987223192752397, 79.02189094256242], [0.9989907542243542, 0.030961674072037763, -0.03253994027210817, -5.759363957615901, -0.030928190895080167, 0.9995204350956375, 0.0015319380489801347, -1.0267905920803422, 0.0325717633998486, -0.0005239899304413171, 0.9994691619372702, 79.51418524894562], [0.999512410526673, 0.02934109699358212, -0.010679008866557545, -5.746980710482651, -0.02932479282918319, 0.9995685236805842, 0.001680176343006428, -1.0328398502730658, 0.010723698304275345, -0.0013661967678230819, 0.9999414661874376, 79.99830708661705], [0.9995409254862075, 0.025944558587377063, 0.0156466660308467, -5.722688686759528, -0.025982204812565947, 0.9996599681159035, 0.002207527936296931, -1.0412081635971013, -0.015584070735149991, -0.0026130486571069246, 0.9998750465513426, 80.46758523097996], [0.9986647237274554, 0.024890970275880442, 0.04526819171437028, -5.683556060301467, -0.025067542823724788, 0.9996801901589475, 0.003337019711075522, -1.0503823246528718, -0.04517064829119019, -0.004467325275975302, 0.9989691964909853, 80.92661854833497], [0.9966092014503477, 0.024528962010153442, 0.07853935069252255, -5.630982224355277, -0.024941292208859656, 0.9996797846096818, 0.004273193851617795, -1.0584370816899449, -0.07840937629865423, -0.00621757610640003, 0.9969017561705014, 81.377813884408], [0.9929345641213869, 0.024525251485260212, 0.11610109134997107, -5.554914502292535, -0.0251793272970385, 0.9996742525001469, 0.004170175672826391, -1.065483066957433, -0.11596098547236085, -0.007064057756786793, 0.9932285481883314, 81.82381385334764], [0.9871741219917871, 0.02471515335770954, 0.15772258577720497, -5.458446167005649, -0.025605139976568058, 0.9996656058121929, 0.003612943802871429, -1.07364841177611, -0.15758053400933208, -0.007605112272721732, 0.9874767529256908, 82.26043766399508], [0.9788889877918235, 0.0244073000838914, 0.2029301192098224, -5.343792381991379, -0.025538249259239837, 0.9996694750779033, 0.0029560822456666603, -1.0827937841054665, -0.20279087544911356, -0.008076155036810775, 0.9791886623906633, 82.68132397018488], [0.9674032418062909, 0.026370750222184488, 0.2518641524222869, -5.208316801311607, -0.02739615464991687, 0.9996244952908002, 0.0005649115079853723, -1.0990432748987153, -0.2517546538993209, -0.007446605270508131, 0.9677623377203676, 83.08583708889071], [0.9519749716844722, 0.027112662147485846, 0.30497304280480825, -5.051169012349785, -0.027560472300471837, 0.9996161106735061, -0.002837542695499533, -1.113734579606533, -0.3049328697208357, -0.00570393042146606, 0.952356661205021, 83.47406376756815], [0.9323131019573364, 0.027365408165441894, 0.3606153273983606, -4.8696709206663, -0.027068059901264666, 0.999616322349076, -0.00587607236942918, -1.1230277976441796, -0.36063773238124536, -0.004282817117419337, 0.9326960295082555, 83.84319915633057], [0.9081546898605236, 0.028210209345589352, 0.41768318540852595, -4.667002858953501, -0.02698606218354773, 0.9995967433815215, -0.00883759406644038, -1.1291857422784155, -0.4177640204725532, -0.0032457211117697315, 0.9085496620950808, 84.19415272407738], [0.8792880277976105, 0.028984685918068392, 0.47540766943121415, -4.444014592157767, -0.026198029691987333, 0.9995787685708368, -0.012487940689640728, -1.1296431009973982, -0.4755693242325174, -0.0014742468722640381, 0.879676897755761, 84.52247406423689], [0.8461644589843957, 0.02806693876270604, 0.5321822575961497, -4.197632014174167, -0.022774735766413017, 0.999604339101287, -0.01650686707554758, -1.1308512130144766, -0.5324349378412254, 0.0018472142470516667, 0.8464687972781686, 84.8263591610383], [0.8094984117262783, 0.028495865924090296, 0.5864301382414349, -3.9385949803318265, -0.020605258480403614, 0.9995850418779657, -0.020128769877508584, -1.1291038261400939, -0.5867603223163635, 0.004210662725218293, 0.8097495875112413, 85.10950773987433], [0.7697688208165167, 0.027412745474413018, 0.6377338817126654, -3.6621310913642766, -0.01873853539316096, 0.9996172982155833, -0.020350046670630336, -1.1394334176445555, -0.6380476066363037, 0.0037146326234244603, 0.7699878266376499, 85.37692409540163], [0.7271470796678294, 0.027172868040854795, 0.6859437001481833, -3.3708972054237516, -0.018904101366269174, 0.9996299609904443, -0.019559551165008692, -1.146783384743154, -0.6862212946765864, 0.0012555216241035413, 0.7273916128179199, 85.62591895161684], [0.6820788394078026, 0.026331056580513865, 0.7308044418936285, -3.063621762583733, -0.016938197019891823, 0.9996522895393684, -0.020208847082753938, -1.1563558475269782, -0.7310823807085886, 0.0014055176831490822, 0.6822876058800411, 85.85428729544327], [0.6353591718488819, 0.025151840781584795, 0.7718070404270744, -2.7445208550729783, -0.012672376024267601, 0.9996744383049778, -0.022145615492164657, -1.1690714135519842, -0.772112695378853, 0.004289790935225771, 0.63547099330225, 86.06539857978993], [0.5884597078409148, 0.02260743108521741, 0.8082104158618046, -2.4122278917104243, -0.006127036300192729, 0.9997049942320103, -0.023502849481547128, -1.183773947144532, -0.8085032473025526, 0.008878544974691113, 0.5884245665676897, 86.25191493231793], [0.541307284841188, 0.024750842781744983, 0.8404604804269227, -2.0786222228045084, -0.007035673285304698, 0.9996649922615879, -0.02490788124393669, -1.1993957392481625, -0.8407953266134821, 0.00756961194031202, 0.5413000274524425, 86.4291293973411], [0.4938457926060244, 0.02781960489815567, 0.8691043681334466, -1.738637243986865, -0.009369052320098409, 0.9996003061585796, -0.02667299732495908, -1.2110590789011135, -0.8694989377485828, 0.005029663185065162, 0.4939089994547022, 86.58925381511261], [0.4481639752562362, 0.0300957006345568, 0.8934446262001033, -1.3940816058154328, -0.008671557972116172, 0.9995324761937516, -0.029319500615186258, -1.2224449925120868, -0.8939092210734239, 0.005392387017671461, 0.44821537974747216, 86.72841824238806], [0.4061357872121427, 0.027764802399748965, 0.9133908462937844, -1.0390750532972217, 3.758833230460216e-05, 0.9995378073592086, -0.03040016853017493, -1.2302219388959599, -0.9138126470384307, 0.012380928457490547, 0.40594699004077006, 86.83884995507883], [0.36709709883782854, 0.02032398534676857, 0.9299605667147794, -0.6721530139375247, 0.016237399719367294, 0.9994689249614371, -0.028252696982460093, -1.2382873398031402, -0.9300408022414876, 0.02547162247360554, 0.36657209743048697, 86.9270176154224], [0.33233899029333885, 0.01656667637939124, 0.9430144965823931, -0.315744992362463, 0.021154442471968325, 0.9994632595037442, -0.025013645592981006, -1.251992930559898, -0.9429226411672696, 0.028261953290903422, 0.3318101185472457, 87.00012400326055], [0.29936119766461516, 0.020794444140704256, 0.9539132373678887, 0.052703853287702274, 0.01944720684508784, 0.9994218239067524, -0.0278894970342668, -1.2648092785860987, -0.9539415587098022, 0.026899979062969183, 0.2987836904731224, 87.09464251528745], [0.2683437807011659, 0.02849588745046722, 0.9629016563270698, 0.4172138827447016, 0.009375828243206367, 0.9994377905766922, -0.03219000795174487, -1.2870746531764998, -0.9632774904410563, 0.017665987692325205, 0.26792571598943044, 87.18970215674054], [0.239986089750321, 0.03280279173041297, 0.9702219609867846, 0.7994531874332412, 0.00533811454791231, 0.9993692450075718, -0.0351086409031851, -1.3119792539378807, -0.9707615529867287, 0.013604740530675372, 0.23965958832874068, 87.2753349442436], [0.21458080922347708, 0.0345077958362811, 0.9760964544242126, 1.1930897273120373, 0.0075450464888107424, 0.9992872879184208, -0.03698632825962553, -1.33254518944872, -0.9766769976713711, 0.015301248323963202, 0.2141674905754335, 87.3404485867994], [0.19171641244415183, 0.035945313951068675, 0.9807919002543316, 1.6245016148554832, 0.01570395856269287, 0.9990888062101944, -0.03968555141294959, -1.3518132286990456, -0.981324620221682, 0.023010685081619225, 0.19097721884784893, 87.39380477860048], [0.17177137347654037, 0.04232778672871211, 0.9842270844295189, 2.0412529999438873, 0.022980826708574664, 0.9986324781331641, -0.04695801551818252, -1.3596007056020694, -0.9848686627298229, 0.030684392301801, 0.17056372780240472, 87.43879577684964], [0.15209012047341436, 0.04916541128048778, 0.9871430279285788, 2.469999886909216, 0.025407443835338214, 0.9982374535813167, -0.0536325280519468, -1.3688031125912261, -0.9880399089964276, 0.033237755848397894, 0.1505728721134944, 87.4915219775078], [0.13461895344832647, 0.05004185730523203, 0.9896330379943468, 2.9235322419737173, 0.023543655269504863, 0.9982805047048512, -0.05368174943850291, -1.3903099488023216, -0.9906176040075901, 0.030526157445901966, 0.13320929525323214, 87.5472393306142], [0.11991290428317013, 0.04589822590049663, 0.9917228686712647, 3.3506646662598314, 0.023427260649818378, 0.9985217554260926, -0.04904556452157569, -1.411933818631669, -0.9925078648540757, 0.02911454378918474, 0.11866036213818391, 87.57114872018138], [0.10541195842010276, 0.0427747225326662, 0.9935082496558809, 3.824126527159671, 0.024161752318901757, 0.9986693395453159, -0.04556050896338293, -1.440420936110771, -0.9941349662160461, 0.02880752033049311, 0.10423816824485543, 87.61493565134423], [0.09233166190790004, 0.0403319665194424, 0.9949111501465847, 4.294940510648609, 0.026833254300585675, 0.9987156768598756, -0.04297642677050939, -1.467296963734907, -0.9953665869859143, 0.030664786218212958, 0.09113083121653931, 87.64424610752195], [0.08090060091841203, 0.039635511804575176, 0.9959337924656585, 4.79225169456665, 0.03099820255507241, 0.998625629930738, -0.04226065171990965, -1.4887411489778002, -0.9962399337878424, 0.03429106660018995, 0.0795607760006806, 87.67251145673062], [0.0709392483672104, 0.04038813965911505, 0.9966626416275324, 5.3049317241330955, 0.03431590904835596, 0.9984896631513438, -0.042904673010068124, -1.512134534546302, -0.9968900855310253, 0.03724500657188931, 0.06944614356044837, 87.69818711881713], [0.0630682051861289, 0.04110232961524188, 0.9971624742211272, 5.830454541779073, 0.03659182578409549, 0.998384522069237, -0.04346704934047991, -1.5328854776261973, -0.9973380774857732, 0.03922938087845312, 0.06146230448729205, 87.72813436739241], [0.057594137028720724, 0.04145194135778911, 0.997479148622961, 6.374096282735822, 0.038586891021947116, 0.9982986220689027, -0.0437139910851278, -1.5608766440962416, -0.9975939896271896, 0.04100728517606768, 0.055896640527036905, 87.75209602982473], [0.05209249422291314, 0.04249384503919957, 0.9977377637332469, 6.930967614548566, 0.03998490789886189, 0.9982043510311112, -0.044601353374959934, -1.5881338332271595, -0.9978413601397317, 0.04221784459091671, 0.050299836904320466, 87.77750342836094], [0.04562925949874741, 0.04324320556663612, 0.9980220417655703, 7.4983924499570955, 0.03987190040402249, 0.9981876717359484, -0.04507331308588698, -1.61567695531713, -0.9981623129170338, 0.041849693644209394, 0.04382237115922699, 87.81446467671961], [0.04131997112289849, 0.043359766960026754, 0.9982046837175105, 8.102663349595211, 0.04221514751039353, 0.9980900100750675, -0.045102251706843115, -1.6453252089176178, -0.9982536461044764, 0.044002977786084314, 0.03941060751993297, 87.83562270323418], [0.03839883260243028, 0.0432801170430402, 0.9983247773763364, 8.719751971687758, 0.04374550254260276, 0.9980309768550585, -0.04494997491693609, -1.6772501375398936, -0.998304393105835, 0.04539824158909982, 0.036429910324106626, 87.8543509740269], [0.03550668258795754, 0.04279130669178501, 0.9984528930115872, 9.354473887061054, 0.044817640573863074, 0.9980095332934745, -0.0443660968390648, -1.7087593480042942, -0.9983638891670781, 0.0463235916542114, 0.033518198988824896, 87.87219053474492], [0.03299448379010417, 0.0421850665125966, 0.9985648622912549, 10.011409934998552, 0.046789302700493786, 0.9979482111284943, -0.04370502326094026, -1.7418267066870567, -0.9983596174726339, 0.0481641739523889, 0.03095297315920456, 87.89385906524723], [0.03237532772329961, 0.04178670436399943, 0.9986018773731627, 10.679062713970989, 0.05121696204644032, 0.9977435962398448, -0.043411276888784274, -1.7770092501499708, -0.9981625426933005, 0.05255080399334441, 0.030162084870123177, 87.91022828445011], [0.03335634814577197, 0.041408335674340574, 0.998585351272018, 11.361861628664919, 0.05453155741709121, 0.9975776147295436, -0.043188098316324565, -1.8133517163605324, -0.997954640274906, 0.05589500655168988, 0.03101748210903368, 87.93069476778025], [0.03615725041593602, 0.041313453663500144, 0.9984917885434779, 12.070200121716406, 0.05624394023604655, 0.9974773285387055, -0.043308177495842516, -1.8489076891758258, -0.9977620323836025, 0.05772501180648515, 0.03374240278490211, 87.94687300776113], [0.04003439811931114, 0.041128485345376664, 0.9983514885351851, 12.770081095887859, 0.05852604187621582, 0.9973405690458176, -0.04343376287714629, -1.888581764805464, -0.9974827067852632, 0.06016840004231075, 0.03752083821968538, 87.97372820003457], [0.0449859088305338, 0.040550572288156686, 0.9981642746030304, 13.504356049885699, 0.059107605405183554, 0.9973172881060653, -0.043180062853457796, -1.9257459371607624, -0.9972373639374793, 0.06094158882852734, 0.04246837315104471, 87.99052086017929], [0.04664789396774975, 0.03855881580490185, 0.9981669157571279, 14.191332048925865, 0.05922205056271843, 0.997390269737354, -0.041296471524757475, -1.9755018874393386, -0.997154212642884, 0.06103987935496136, 0.04424261901036652, 88.07033361517243], [0.05053371221323314, 0.036823957747201125, 0.9980432556085848, 14.937373161253301, 0.05886399067609001, 0.9974729643160944, -0.03978336411301189, -2.016860751988311, -0.9969860458775909, 0.06075920436849671, 0.04823840181731157, 88.10998726677624], [0.054407572891146706, 0.03470105029664545, 0.9979156543117282, 15.71008633615179, 0.05582830851824781, 0.9977269263541144, -0.037738314694256085, -2.0538755051041826, -0.9969567779684821, 0.05776518783410272, 0.05234659432292565, 88.1656133419494], [0.05809107351077591, 0.033634747700813115, 0.9977445218719412, 16.499543756666846, 0.05465739086275226, 0.9978260736999798, -0.036819780941212805, -2.091768020585449, -0.9968138231472543, 0.05667300772612871, 0.05612639466279524, 88.22572353567618], [0.06325253250328314, 0.03413101976805191, 0.9974137509687312, 17.236180234344918, 0.05158928661186787, 0.9979670194262183, -0.037421566568337256, -2.1355985437162968, -0.996663164723333, 0.053822867821833625, 0.061363140264488386, 88.22985721492789], [0.06639782713588355, 0.03809830081743595, 0.9970656187164701, 18.029858418152568, 0.049343969799614466, 0.9979227437796605, -0.04141702659159432, -2.179590731707508, -0.9965722766120205, 0.051949171634625466, 0.06437997402008125, 88.28567402574132], [0.06946466708293532, 0.042849976014760115, 0.9966637043569867, 18.780366362833494, 0.04338592211291684, 0.9980019885356586, -0.04593139058730258, -2.2291922246996543, -0.9966404181465384, 0.04643177844214016, 0.0674667834375455, 88.28363341218605], [0.06913521077780418, 0.04615989508440729, 0.9965388034173605, 19.58632076183983, 0.04055534990201272, 0.9979731230637191, -0.049039873947355296, -2.2698474496684713, -0.9967825176360864, 0.04380535798450727, 0.0671230448276114, 88.34757415779471], [0.0691607785772139, 0.04580963093606256, 0.9965531919672401, 20.39074739603139, 0.038102826490992586, 0.9980949427387424, -0.04852483789507978, -2.315864370714131, -0.9968775062786519, 0.041327505278672454, 0.0672835402094215, 88.40871529139555], [0.06878756697666599, 0.04426538727960828, 0.9966488078146768, 21.207474504168665, 0.03517775962633738, 0.9982862628000645, -0.04676604251326516, -2.363526315494043, -0.9970108309397144, 0.03827679112682945, 0.06711251932350784, 88.47569987899027], [0.06855939134541661, 0.0432299576641689, 0.9967099781875869, 22.034398637045715, 0.036255587090612953, 0.9982928335581094, -0.0457924761422286, -2.409275760260771, -0.9969879354461544, 0.039275806262861326, 0.06687501489518916, 88.53921510064121], [0.06921388181351325, 0.042458254803020484, 0.9966979157013356, 22.8470696556