{"algorithm description": "Algorithm 2: BM + SIFT + BF ", "odometry": [[1.0, 9.04368e-12, 2.326809e-11, 5.5511150000000004e-17, 9.043683e-12, 1.0, 2.39237e-10, 3.330669e-16, 2.32681e-11, 2.39237e-10, 0.9999999, -4.440892e-16], [0.9999914393214442, -0.0026920455989345097, -0.0031423198945908087, -0.0064134791116256746, 0.0026866258465277197, 0.9999948985064673, -0.00172771600706628, -0.010696897743183338, 0.003146954687464999, 0.001719259285218392, 0.9999934703905398, 0.6549449480879008], [0.9999734265390876, -0.0015121022399047185, -0.0071316030800890355, -0.018270944682467764, 0.0014909107881948625, 0.9999944606807216, -0.0029758684269658615, -0.017839661296344102, 0.007136062726818664, 0.0029651569457585713, 0.9999700417777806, 1.3288130016366553], [0.9999429395781129, -0.0015241540899832073, -0.010573293819446097, -0.0433786557986267, 0.0014803669871077123, 0.9999903017336625, -0.004147885268707541, -0.025047086105711616, 0.010579512282414178, 0.004131996298707637, 0.9999353981765342, 2.0260962393196467], [0.9998838362948077, -0.00027424523373961, -0.01523938010318848, -0.06665836321938999, 0.00020538382174868302, 0.9999897635131364, -0.004520031684351688, -0.03444185850354215, 0.015240462225202717, 0.004516376725415597, 0.9998735573323492, 2.740682170964122], [0.9998081558006978, -0.001558601012802896, -0.019524916319668364, -0.08657630600050426, 0.0014730160745439985, 0.9999892483100374, -0.0043969862372370775, -0.046655979622980896, 0.019531557635100304, 0.004367382226998118, 0.9997996020347478, 3.4658952299580132], [0.9997118578914795, -1.5750771260496837e-05, -0.02400418594910246, -0.1125990066592255, -0.00011150169315467508, 0.9999859491381887, -0.005299914486890004, -0.060210246470695866, 0.024003929793419802, 0.005301063814091043, 0.9996977093486417, 4.205823350972419], [0.9995863592628308, 0.0026775763768379624, -0.028634611232301616, -0.148904446923175, -0.0028455456864866927, 0.9999789753258992, -0.0058268152459904, -0.06890926652897943, 0.02861840463939227, 0.005905886020312917, 0.9995728624898843, 4.9626860572545155], [0.9994606889529113, 0.002868276616373999, -0.03271244758534365, -0.18499022407932497, -0.0030027367491007634, 0.9999872418604174, -0.004061980848135145, -0.07817903102625562, 0.03270037612572484, 0.004158017108307886, 0.9994564504244161, 5.736698876427733], [0.9993028004665636, 0.002048977500863945, -0.037278877006751726, -0.21814175809920633, -0.002099797756237077, 0.9999969187410096, -0.0013241442027860579, -0.08645980910517345, 0.03727604531709155, 0.0014014994507774534, 0.9993039238614136, 6.531370730351261], [0.9991715467316327, 0.0018354253575272536, -0.040655275373238445, -0.25833154828142807, -0.0017813600829640213, 0.9999974803532975, 0.001366031958348698, -0.09457045305924167, 0.04065767616588076, -0.0012924779721902476, 0.9991721988073388, 7.3334437490495095], [0.9990544496933262, 0.0034495003867739057, -0.043339445024678847, -0.3037784900406477, -0.003421208148839454, 0.9999938834132382, 0.0007269600493289501, -0.10227587949901698, 0.04334168329486097, -0.0005779988731152385, 0.9990600404412546, 8.14474948045928], [0.9989660626949567, 0.003038458479299942, -0.045360482292475086, -0.35221390851085826, -0.0030201943089844135, 0.9999953282001098, 0.00047117331303728226, -0.10645186825225138, 0.04536169752679992, -0.0003336881669172443, 0.9989704725614791, 8.956432428941405], [0.9986952153105199, -0.03057867068923436, -0.04090002218525282, -1.2897447403699334, 0.030512704848502815, 0.999531877383371, -0.002236277554801813, 0.29087925691853045, 0.04094925432091449, 0.0009853897671391022, 0.9991606415274664, 11.608314325670683], [0.998624359356324, -0.03045924867143541, -0.0426804764563764, -1.3365982989006453, 0.03042374269033231, 0.9995359930864053, -0.0014813525867307044, 0.2821351331932059, 0.04270578909748426, 0.00018081540304822996, 0.9990875751821566, 12.43762098610519], [0.9985368988662433, -0.031781785096651916, -0.04374905414584712, -1.383622343024615, 0.0317382219622604, 0.9994947866965844, -0.0016901576919043208, 0.270613962476176, 0.04378066345381162, 0.0002991680759856981, 0.9990410221837823, 13.272487961418248], [0.9985290547581455, -0.029415498297818567, -0.045546188245513104, -1.4309664976749683, 0.029262826013452654, 0.9995636869750915, -0.0040153075184604205, 0.2592189843177829, 0.04564442361784756, 0.002676591248004391, 0.9989540642351359, 14.122577414691674], [0.9984817930265305, -0.02888508315945173, -0.046901609411579705, -1.4768038487180424, 0.02860087518629109, 0.9995683251394012, -0.006719621759484775, 0.2482381897513869, 0.0470754553518022, 0.005367992846177635, 0.9988768123028156, 14.980893732386763], [0.9985081460398805, -0.025036713879957345, -0.04852468701696078, -1.5313077803067014, 0.02465791395657887, 0.9996607452297249, -0.0083893817448458, 0.2364675864532017, 0.04871826252222781, 0.007180348214344379, 0.9987866506398384, 15.850476763381819], [0.9984925002947667, -0.024062461856906178, -0.04933279623628318, -1.5864719256916064, 0.02369369315458769, 0.9996868829626809, -0.008046423867477526, 0.22209120625736495, 0.049510961171384926, 0.00686541754005146, 0.9987498839879266, 16.728602073486048], [0.9984161937257638, -0.02487615669420295, -0.05046068701755767, -1.6404307823752176, 0.024573664691805254, 0.9996761936794385, -0.006606269310602774, 0.20677924234421072, 0.0506086811160479, 0.005355802198512964, 0.9987040987091799, 17.609656711765897], [0.9983594649160863, -0.0243695657868829, -0.05181219041717076, -1.6946821191807149, 0.02414021089241569, 0.9996958379393428, -0.005047952537880878, 0.19284993607351922, 0.051919442392092806, 0.0037889140894750467, 0.9986439884321777, 18.504232196932914], [0.9983110987676633, -0.024753774557316102, -0.0525566429908401, -1.7506049132846049, 0.02452286743309087, 0.9996865952041356, -0.005033919151282163, 0.1793788191395623, 0.05266477477839596, 0.003736577873745704, 0.9986051569481028, 19.398941834817787], [0.9982201285246542, -0.025034226160407954, -0.05412820455892541, -1.806003559419296, 0.02475954710643664, 0.9996769601542038, -0.00573935222253978, 0.16474335317309155, 0.054254393866484986, 0.004388947120928057, 0.998517399893142, 20.297761101586122], [0.9984017480512178, -0.02559143730268665, -0.050388766853890515, -2.158165224692566, 0.025289236218635446, 0.9996582173153318, -0.006625940341632269, 0.14939990990616336, 0.050541107187153086, 0.005341056934848743, 0.9987075996482286, 21.34516443775283], [0.998367424749943, -0.025799519747572285, -0.05095949351163286, -2.2077522629451947, 0.025590665934273664, 0.9996612356555139, -0.004746761499348416, 0.13489858620017864, 0.051064689371492715, 0.003434924812989454, 0.9986893404812796, 22.25798731602888], [0.9984113818093526, -0.02419221382506809, -0.05088663344908886, -2.260211504068505, 0.024163155440441064, 0.999707324542702, -0.0011862440026908728, 0.11916274306401586, 0.050900433016915485, -4.5221638251120954e-05, 0.9987036316514049, 23.165833428359104], [0.9984750544879387, -0.02316942639918568, -0.050107317286413405, -2.312356727201556, 0.02333233814733427, 0.9997242019931138, 0.002668697399521491, 0.10792046631257571, 0.05003166065465809, -0.003833747791342776, 0.9987401740743286, 24.09208672167927], [0.998529691904879, -0.024097777351956083, -0.04855668348480801, -2.360471382017434, 0.02440004857274621, 0.9996863538968466, 0.0056419377944501165, 0.09896443236780846, 0.048405490927039725, -0.006818426684154314, 0.9988043940160034, 25.018912067148747], [0.998433202077529, -0.028007268253408758, -0.048443099758320195, -2.3072370649258076, 0.028355040278483585, 0.9995767383594003, 0.006506598311623404, 0.1459709000623557, 0.048240358844104055, -0.00787000856779912, 0.9988046509421878, 25.80048498076333], [0.9985175984822162, -0.027583453789273675, -0.04692290057491632, -2.354030231727008, 0.02779166645315183, 0.9996065498310017, 0.0037906214158675835, 0.1368018394007606, 0.0467998757008748, -0.005089066808811017, 0.9988912218221806, 26.7248275153924], [0.9985580975738564, -0.02626801057213758, -0.04681578142318743, -2.377649557755517, 0.026250826472974446, 0.9996549054062959, -0.0009819402303413956, 0.1286761763228129, 0.046825414542957605, -0.0002484280840666059, 0.998902957667249, 27.6731009652597], [0.9986017563714098, -0.027130091871284772, -0.04537058834743006, -2.4273770663052594, 0.026987985857537266, 0.9996287546810931, -0.0037418490190120183, 0.11819874563354449, 0.04545525695040232, 0.0025121564316115774, 0.998963116779417, 28.607844435512177], [0.9985801014873018, -0.029509922866042943, -0.044350257790128786, -2.4749316058245805, 0.029423281814694818, 0.9995636464437397, -0.0026052246253439335, 0.1055856658982971, 0.04440778099493344, 0.0012965956844921687, 0.9990125463810491, 29.552609570060483], [0.9985109413706054, -0.03147140357046796, -0.044558396745092765, -2.520100475409675, 0.03161565123934294, 0.9994968828706245, 0.002536085293959429, 0.09193500642326011, 0.04445616010463512, -0.003941050774670899, 0.9990034624302125, 30.509601448796666], [0.9983527449647958, -0.035255041433094374, -0.04526454103168462, -2.564615969419858, 0.0355609276223929, 0.9993496775003029, 0.005970134560985944, 0.08206832681361051, 0.045024622701916234, -0.007569948060741027, 0.9989570957938675, 31.471512442980455], [0.9980200178001651, -0.04276665308596857, -0.04612003310908992, -2.600587760348388, 0.04305559707316501, 0.9990586753240898, 0.005289500954604748, 0.07547444955995422, 0.045850400413551505, -0.00726475219690595, 0.9989218008219887, 32.41793349187071], [0.9978721233907542, -0.044826065559702435, -0.047348170039252103, -2.642297875673284, 0.04494378434489744, 0.9989885026249945, 0.001424033648159199, 0.06835895318152975, 0.04723643900817162, -0.003549008592833317, 0.998877331491633, 33.37781556688618], [0.9978325411058391, -0.04456603020835142, -0.04841579145003527, -2.7003806252000584, 0.04449653089922082, 0.9990063785018345, -0.0025128570560987128, 0.06061278699953242, 0.04847966776202959, 0.0003530762220729865, 0.9988240070957821, 34.347912951927114], [0.9978065042213208, -0.043032989004922945, -0.05030250481765495, -2.7572407213959362, 0.04292086667099415, 0.9990730000294721, -0.003307539315188805, 0.0485394564417539, 0.050398202727305115, 0.0011412575010696156, 0.9987284509280708, 35.32179306718371], [0.997784516882705, -0.04279473149536326, -0.05093789184278724, -2.818356460211539, 0.04274819020241973, 0.9990838698730861, -0.0020032957437267516, 0.03661013390882624, 0.05097695157811837, -0.00017864471926955507, 0.9986997138749347, 36.30661432225476], [0.9978718947406533, -0.03937092679286561, -0.0519770315636669, -2.881860609614798, 0.039467326172754585, 0.9992205175262411, 0.0008291678750259712, 0.02068133264970789, 0.05190386614575234, -0.00287879701257646, 0.9986478364302875, 37.28367718529251], [0.997845113899733, -0.040159124030267966, -0.05188808556452696, -3.031655407002481, 0.040364551139056154, 0.9991807621373737, 0.0029167766317978534, -0.0302536305404087, 0.051728436578593336, -0.005004929616947306, 0.9986485465511246, 38.26827143930793], [0.997860475694105, -0.03833333551363043, -0.0529625002802448, -3.0863999482901545, 0.03867635905508869, 0.9992368361112137, 0.00546668168945644, -0.04164849563383283, 0.05271251986291251, -0.0075033810417401035, 0.9985814386031089, 39.24381133727411], [0.9978733903639807, -0.03831147153076908, -0.052734504384154716, -3.144112578222908, 0.03881623589427184, 0.9992095228354058, 0.008580752067365664, -0.052061488937084816, 0.05236407255271321, -0.010609457582019003, 0.9985716014966174, 40.22892392735424], [0.9980740495046471, -0.032089228838015404, -0.053089293628539876, -3.2099482104979655, 0.03270982615459729, 0.9994058637208614, 0.010862174427605167, -0.05962921781191369, 0.052709187343453416, -0.012577794248169656, 0.9985305907489531, 41.202943006145176], [0.9980761632928205, -0.03198397192736937, -0.05311306624959004, -3.268000976742975, 0.032582415738623874, 0.9994145276819035, 0.010439733856473586, -0.06781628438263358, 0.0527480606522068, -0.012150199827238972, 0.9985338325472999, 42.182137334550895], [0.9981126041741433, -0.031646937529977374, -0.05262794631832558, -3.3294360233421214, 0.032151397562512014, 0.9994445650474525, 0.008766357960220256, -0.07110996429300666, 0.052321281364430254, -0.010441872876854295, 0.9985756109615423, 43.16557511154413], [0.9982957246152769, -0.02897959646990257, -0.0506540146809894, -3.4085599437819694, 0.02937325329900456, 0.99954369104542, 0.007044265890167196, -0.08060219118237325, 0.05042675583541628, -0.00852013239612298, 0.9986913184962997, 43.90774846088359], [0.9982445743529297, -0.02917861894383656, -0.05154006181088176, -3.463626051563682, 0.0295824531633233, 0.9995371995699653, 0.007089791299613987, -0.08764001890291305, 0.0513093336590638, -0.008602025825592134, 0.9986456615993324, 44.8973193864932], [0.998118415321082, -0.03106051219184654, -0.05286656390681637, -3.5155820735297136, 0.03153155539049282, 0.9994699413669361, 0.008099217161591645, -0.09174891432275525, 0.052586970497663005, -0.009750941334932858, 0.9985686404433951, 45.876326088475814], [0.9980989719542077, -0.030700230540299262, -0.05344097705625649, -3.579826501414521, 0.031224096948208876, 0.9994719302826498, 0.008995351401924622, -0.0955013897670296, 0.053136591880505145, -0.010646895693757073, 0.9985303932356895, 46.854323873001384], [0.9981676078713596, -0.02844332316079301, -0.053407901699462995, -3.6465962585432106, 0.028773835833871976, 0.999571200908966, 0.005429611847475474, -0.10151417438519904, 0.053230558972506656, -0.006956411692610131, 0.9985579181639126, 47.82142542540863], [0.9981538601721045, -0.02775038157945781, -0.05402580629404983, -3.7058353096214325, 0.02785948974564914, 0.9996110456928103, 0.0012673436943924873, -0.10936680307115751, 0.053969618115698434, -0.0027701346431622097, 0.9985386355442206, 48.76978594451453], [0.9981600276790921, -0.02702319177668237, -0.05427988807906571, -3.7708483538329207, 0.02705954752003843, 0.9996338212765866, -6.51765403776723e-05, -0.11544200168652728, 0.054261767850312254, -0.0014037319760960584, 0.9985256582012839, 49.72503569099415], [0.9981223816511442, -0.028417884579092986, -0.05425988465798482, -3.8314127472176964, 0.02864646084178223, 0.9995836888509737, 0.003439369756385302, -0.12465505424971958, 0.05413955069649474, -0.004987264618078, 0.9985208241403982, 50.6911369469049], [0.9980710087932028, -0.030133366491217662, -0.05427929283276696, -3.8907255327640042, 0.030528442247911035, 0.9995129968326638, 0.00646400622715079, -0.13457715659390992, 0.054058071031838094, -0.00810859818478198, 0.9985047699394347, 51.655565736811035], [0.9980153069600365, -0.03188069051388501, -0.0543053279690195, -3.9504109216064864, 0.03230753298001965, 0.9994534611888893, 0.007000159305017282, -0.1418010026184743, 0.054052472743937374, -0.008740735961113343, 0.9984997394717401, 52.60769892002705], [0.9979117772594245, -0.03494659545668931, -0.05432145315549241, -4.006236817330949, 0.0353106769617276, 0.9993598027573848, 0.005756798174919933, -0.1492933067769378, 0.05408549086880716, -0.007662902739691678, 0.9985068049838673, 53.561241933428704], [0.9978035771788692, -0.037531185729492926, -0.054584168646153085, -4.061889967791208, 0.0378279515178013, 0.9992745203519041, 0.004413508744780843, -0.15692816582208363, 0.05437891935291397, -0.0064686209753962885, 0.9984993190146373, 54.513437400548185], [0.9976912543486972, -0.03897685977203045, -0.05561443516242758, -4.118792898415342, 0.039351362093177966, 0.9992094367976543, 0.005654353714373615, -0.16491847868585993, 0.055350074014891525, -0.007829801766246803, 0.9984362090343356, 55.45854785126996], [0.9975108136393084, -0.041907546270653455, -0.05670920770226892, -4.175986932576342, 0.04251472108652442, 0.9990502684223972, 0.009542518329662008, -0.16907466519916883, 0.056255440089752126, -0.011929739702645527, 0.998345033929124, 56.40187415399019], [0.9974429486289595, -0.04272039070971541, -0.05729338921705835, -4.229937434001957, 0.04361474902875956, 0.9989439026370811, 0.01445105710171722, -0.1732346916364945, 0.05661552141997256, -0.01691293963077661, 0.9982526910594326, 57.33678033831759], [0.9989670880562229, -0.03556396192046845, -0.028283592292907608, -5.872083805823385, 0.036062942910237504, 0.9991992129038334, 0.01733196702666947, -0.33040425429589243, 0.027644547041111085, -0.01833405189523286, 0.99944956929302, 59.46120459694839], [0.9989944371704604, -0.033748624159540656, -0.029515163387899137, -5.905819694613099, 0.03414794885467229, 0.9993305153933376, 0.013131587592727027, -0.3347852538423262, 0.02905222758366787, -0.014126263356948636, 0.9994779721214497, 60.378636189656184], [0.999052638361656, -0.03104699051029231, -0.030494428390600382, -5.935432011466092, 0.031224897090071174, 0.9994979305849095, 0.0053751798293573926, -0.3467765561668118, 0.030312231943830377, -0.006322271869488731, 0.9995203837206125, 61.256279786950664], [0.9991110656893613, -0.028409023380555738, -0.031144916240594716, -5.97168979391137, 0.028439833072029505, 0.9995953566893203, 0.0005466077070869719, -0.35803603115433935, 0.03111678201586957, -0.0014318774075204972, 0.9995146300100242, 62.1528153422508], [0.9992159313231046, -0.02307118260308791, -0.032175194224706216, -6.0110891903276, 0.023124344057109617, 0.9997317758162677, 0.0012810679842042132, -0.3696130095643048, 0.03213700514997147, -0.002024093120599956, 0.9994813234608432, 63.05010082948622], [0.9992500043595948, -0.01970244864741486, -0.0333353011782963, -6.04612684373368, 0.019833200641557743, 0.9997968351544471, 0.0035961879070573383, -0.38835889779638777, 0.033257671639639004, -0.004254635595597417, 0.999437654560337, 63.92401612003485], [0.9992705265061315, -0.0170286702538581, -0.03418244060253103, -6.083806679253301, 0.017217269198513924, 0.9998380898456484, 0.005230653415288273, -0.40456572815682496, 0.0340878316920324, -0.005815365014841608, 0.9994018217215178, 64.79258938115983], [0.9992502591315346, -0.01593827437612791, -0.03528301341260288, -6.119651989563367, 0.016125564937964885, 0.9998573223027694, 0.005030029121914768, -0.4166682835700377, 0.03519780586366869, -0.005595215390318953, 0.9993646021483492, 65.64860007966782], [0.9992156387886573, -0.01411170501906485, -0.03699955380315307, -6.151783137631119, 0.014342079735233933, 0.9998793341965924, 0.005968399739245637, -0.4308850756296429, 0.03691086128798694, -0.006494367781612919, 0.9992973589007954, 66.48193981347224], [0.99916783490307, -0.013368790056534725, -0.0385345708103424, -6.187658068505388, 0.013638575429525021, 0.9998842285377819, 0.0067467608270789115, -0.44468178150577076, 0.038439909786706514, -0.0072667018543758136, 0.9992343911113942, 67.31172486304914], [0.9991146369483972, -0.013004934993684006, -0.04001017247256064, -6.224062488909494, 0.01330414472990001, 0.9998854205529316, 0.007221184022898816, -0.4566006421792161, 0.0399116731620192, -0.007747090526096243, 0.9991730785673711, 68.12205858069609], [0.9990547295248418, -0.012865558440193983, -0.041522582049637734, -6.255737907721281, 0.01322658895086115, 0.9998769733799934, 0.00843181173820727, -0.4681097642301217, 0.04140898961196084, -0.00897304214534731, 0.9991018867432809, 68.91391414293291], [0.9990161678190695, -0.010363893818003771, -0.04311944040721831, -6.289078185886028, 0.010861361360043406, 0.999876951090857, 0.011318723720369215, -0.47731591967028153, 0.0429968243083244, -0.011775922164106552, 0.9990057060680853, 69.69210737994956], [0.9989724816210053, -0.009051327367876224, -0.044407819546244, -6.330155027001997, 0.009748571907497451, 0.99983219508847, 0.015509578019268451, -0.4827756633997677, 0.044259981053177896, -0.01592655239427704, 0.9988929867638545, 70.47162750449357], [0.9989158802369489, -0.0057875753326226435, -0.04619056377890543, -6.369503263416652, 0.006592843297082993, 0.9998286016238225, 0.01730034081200778, -0.4887951614107916, 0.04608251520693757, -0.017586110082690364, 0.9987827243822207, 71.23217187103576], [0.9988626803501995, -0.0026822035463284918, -0.04760411313903121, -6.411076641989531, 0.0033178725556948416, 0.9999063222738316, 0.013279246911057183, -0.49769537296055383, 0.04756403134246571, -0.013422086722619722, 0.9987779085014209, 71.97554857583097], [0.9987987314719461, -0.0023792814334903938, -0.04894316121680441, -6.44268023976366, 0.0026862817400061956, 0.9999771234940084, 0.006207767639214774, -0.5103040487536832, 0.04892726669703448, -0.006331784452064389, 0.9987821739895135, 72.67982520348924], [0.998727566799122, -0.0029183062815151843, -0.05034611011741631, -6.48007644022122, 0.0029387306411612444, 0.9999956269225397, 0.0003316594879492831, -0.5156095823488899, 0.05034491707940067, -0.0004791906036156413, 0.9987316755268367, 73.38429772938538], [0.9987053602070095, -0.0019250450524798746, -0.050832053817798976, -6.518824115132046, 0.0018892439909768452, 0.9999979323686609, -0.000752340046960266, -0.5234820246642, 0.05083339196837667, 0.0006553322982234776, 0.9987068322588852, 74.07173559360153], [0.9986662502047001, 0.0007297336705785178, -0.05162546068419361, -6.562754912357166, -0.0005780876623020038, 0.9999954748671777, 0.0029522973805680554, -0.5372677917188168, 0.051627376346390315, -0.002918514942301586, 0.9986620530900976, 74.73905638263314], [0.9985951173057764, 0.0008653114928626462, -0.05298153384987006, -6.6030435676308645, -0.0005855826966053659, 0.9999858097381435, 0.005295036851228235, -0.5523359669405208, 0.05298535863192768, -0.005256571871963883, 0.9985813538329313, 75.39289702273233], [0.9985469834443916, -0.0020698538749876812, -0.05384828278639929, -6.642040584292858, 0.0021846531474708224, 0.9999954647081872, 0.0020731265477546773, -0.5643897422433558, 0.05384374216284391, -0.002187753383883291, 0.998546876799002, 76.02549160892382], [0.9984940501262487, -0.009846579263106737, -0.05396922029543791, -6.662532355462509, 0.009704735621500859, 0.9999487326181062, -0.002889678522019929, -0.5804833014904964, 0.05399490153504117, 0.0023615700381829237, 0.9985383185412491, 76.63727693831194], [0.9985175847553365, -0.013539120666264058, -0.052719305249175986, -6.69756923058869, 0.013167696656548735, 0.9998860206396293, -0.0073863045028669605, -0.5966658854932032, 0.052813295175863896, 0.0066811629226780165, 0.998581953529442, 77.24037359122819], [0.9986650340751271, -0.011171055775434846, -0.050431708563060354, -6.706431809247833, 0.010821412275844431, 0.9999155195675209, -0.007200747487027263, -0.6142026103449895, 0.05050788302317548, 0.0066453922377367, 0.9987014531452996, 77.80867616095526], [0.9987322510579834, -0.006746596921880967, -0.04988360579016948, -6.635327158420313, 0.006615977606427732, 0.999974241160459, -0.002783137775325443, -0.6529114626066891, 0.0499010926146532, 0.0024495808697091765, 0.9987510603295676, 78.30768452944066], [0.9989334927834302, -0.008455011924199372, -0.04539151648557066, -6.658386155567478, 0.008483759829115235, 0.9999639151410314, 0.00044072098067708985, -0.6634361292669546, 0.04538614774988343, -0.0008253411121162769, 0.9989690768009205, 78.86694805023379], [0.9991350280512603, -0.012228997050196607, -0.039744777671479346, -6.6765356509920775, 0.012433068268976595, 0.9999107424191276, 0.004891421904615062, -0.6747674540349792, 0.03968140904903264, -0.005381339480006794, 0.9991977917115777, 79.41790117997961], [0.9993554223556704, -0.01676094006599188, -0.03174603434172179, -6.682789590422715, 0.017046866309442524, 0.9998163382277337, 0.008757520306285333, -0.6896860619338362, 0.03159341643113236, -0.009293044400843834, 0.9994575005291532, 79.9461990265932], [0.9996940880882442, -0.01307496802966021, -0.0209946529487676, -6.694556883342203, 0.013263613058828788, 0.9998726791980209, 0.008871412626988484, -0.6964353978881175, 0.020875984421510545, -0.009147162316687763, 0.99974012758116, 80.45899327994961], [0.999952552638498, -0.007874305920503014, -0.0057347866590159126, -6.704109106615696, 0.007924910638638682, 0.9999293849602836, 0.00885555669168398, -0.7052251697721755, 0.00566464981820224, -0.0089005828225566, 0.999944244129574, 80.96321730087466], [0.9999195697120156, -0.0027517343236449603, 0.012380713434690731, -6.6995701114583595, 0.0026292365716774338, 0.9999475405217207, 0.009899662600959135, -0.7111038200013072, -0.012407303901773874, -0.009866313078747035, 0.9998742494314623, 81.45630703844509], [0.9994003231601601, -0.004526271829085784, 0.03432938873179305, -6.6661343015678085, 0.004151063052775193, 0.9999309580915324, 0.010993076261117526, -0.7151449952065819, -0.034376772730502124, -0.010843978948067946, 0.999350011566127, 81.93094318116108], [0.9981207439160595, -0.007922955668856339, 0.06076353625261744, -6.623267318247598, 0.007167172259803803, 0.9998943496574941, 0.012645994022453947, -0.7234229049290557, -0.06085730407861994, -0.012186724533085145, 0.9980719775073569, 82.39926012918771], [0.9959602591452963, -0.009725510459866927, 0.0892668843946699, -6.542093771380642, 0.008356276112650019, 0.9998418352822882, 0.01569958817535444, -0.7440710796802813, -0.08940544304122189, -0.014890225206914185, 0.9958839028460592, 82.8161445142706], [0.9924616351785205, -0.010335762029172772, 0.1221191005619328, -6.463737293238169, 0.008172892140775446, 0.9998009836431654, 0.018198817000435057, -0.7522397872924996, -0.12228288322678241, -0.017063559257091385, 0.9923484929273757, 83.26038157809255], [0.9871719331341002, -0.010602673338560702, 0.1593083731332438, -6.366787101167898, 0.007548625470510766, 0.9997761838712309, 0.019763613469858603, -0.7565212995098061, -0.1594822484897214, -0.018307522963030266, 0.9870309250573812, 83.69762828319482], [0.9796879714572552, -0.010810224228749901, 0.2002364043676731, -6.24660705922563, 0.00670450867245714, 0.9997533859104281, 0.021171134218480547, -0.7624112707981238, -0.20041586786680157, -0.019398616408613036, 0.9795187459097643, 84.12850471699306], [0.969642646248109, -0.011824615142488594, 0.24424028548480367, -6.100983600627841, 0.006409878651712572, 0.9997160039981746, 0.022952664455206613, -0.7732442969905757, -0.24444230415149515, -0.020690329162153274, 0.9694429690395815, 84.5446048465169], [0.956329075176673, -0.010503682365139039, 0.29210335949540794, -5.938916206443697, 0.004041912207116245, 0.9997337824175817, 0.02271623293476103, -0.7860858103953238, -0.29226417126764775, -0.02054353536730219, 0.9561168429370213, 84.94044719411761], [0.9387472237762615, -0.010003351957705239, 0.344461293619434, -5.762895715802921, 0.0028014961118335586, 0.9997670901989989, 0.02139899470916701, -0.7928736566636251, -0.3445950923791621, -0.019123237509860464, 0.9385565108694028, 85.3234090331667], [0.916556031941772, -0.009862080166440083, 0.3997846666468665, -5.571653686214068, 0.0018174141150304704, 0.9997882705864616, 0.02049660956518957, -0.793917885636614, -0.3999021196467886, -0.01805971455130778, 0.9163798019447722, 85.68863097144795], [0.8897230526140263, -0.009242487024671545, 0.45640712755256097, -5.361661437085858, 0.0002571602480102252, 0.9998050100157807, 0.019745273255951518, -0.7928509385762446, -0.45650058247423775, -0.017450452802872187, 0.8895518534057841, 86.03284601409152], [0.8580474126191863, -0.00900069998682882, 0.5134916017787139, -5.13105225982247, -0.0006674549703936256, 0.9998260242985588, 0.01864069846332863, -0.7893768441899349, -0.5135699946549073, -0.016337333496030754, 0.8578920399003637, 86.35550697830774], [0.8220469770541325, -0.01071366432077013, 0.5693188780577951, -4.875494627593584, 0.0007932841652959776, 0.9998435584504931, 0.01767001203420941, -0.791286544686595, -0.5694190665272789, -0.014073946440969317, 0.8219267915737922, 86.653677678768], [0.7828224778421795, -0.011324947925375927, 0.6221420366279071, -4.606003723757972, 0.0005823423434365768, 0.9998472597084789, 0.01746763094530116, -0.7953976160885736, -0.6222447682215078, -0.013311752678023796, 0.7827094260717768, 86.92785143040497], [0.7409930995500907, -0.01306188827522989, 0.6713855922596471, -4.317470207601868, -0.0002594738649771452, 0.9998051588298558, 0.019737706313569938, -0.802867195340706, -0.6715125232342913, -0.01479970923607117, 0.740845260325024, 87.1775870979874], [0.6964177806103355, -0.013733876092379105, 0.7175051606067068, -4.015197307870919, -0.003396508381453191, 0.999742580979898, 0.022432911234765845, -0.8016346170477233, -0.7176284801609949, -0.018059688262800164, 0.696191792627348, 87.4104984660854], [0.6493286557601251, -0.014729602969770873, 0.7603652645966307, -3.7006557006148237, -0.004693094222758986, 0.9997157751238108, 0.023373999127545564, -0.8011904353108359, -0.7604933635230896, -0.018745870911452724, 0.6490749081278048, 87.62556628940787], [0.6009942192954442, -0.016166601012152292, 0.7990898506333163, -3.3739067132111638, -0.003539465993295924, 0.9997317728582712, 0.022887868361645636, -0.8042796471061904, -0.799245452131689, -0.01658382579327258, 0.6007757351698548, 87.81493069261123], [0.5526436612669061, -0.018577396114674998, 0.83321057603412, -3.033742886376094, 0.0007056920718459266, 0.999761605718843, 0.021822780051598073, -0.7994146403026523, -0.8334172704593437, -0.011472229344333645, 0.5525249688964088, 87.97985819330012], [0.5045498592338215, -0.016592566648973742, 0.8632231034206238, -2.6937939042725736, -0.0026691813551889807, 0.9997805603789657, 0.020777549403487576, -0.7976630245915356, -0.8633783445831736, -0.012787406883434455, 0.5043948020450106, 88.13464621358581], [0.4563065313695779, -0.013857241709834192, 0.8897147443319473, -2.347356572909129, -0.007916046859216921, 0.9997759485061802, 0.019631326768468238, -0.795754074145633, -0.8897873494583292, -0.01600092415355586, 0.4560945550762065, 88.27524064207398], [0.4096917693868875, -0.011750723631208135, 0.9121483292704028, -1.9970071763213997, -0.010073187539529491, 0.999797791195499, 0.017404241247311117, -0.7944855645663957, -0.9121683060450346, -0.016318613466364467, 0.4094905179628424, 88.39793624718521], [0.36652243366587134, -0.013993517385862585, 0.9303039756395871, -1.6392570153786026, -0.00408528858664384, 0.9998530465884782, 0.016649193521060122, -0.7903746073864285, -0.9304001520204844, -0.009902861673664052, 0.36641136779709954, 88.48956545571247], [0.3260847416852732, -0.02093639538697319, 0.9451086755438509, -1.2709688411621627, 0.009827376974692404, 0.9997757788305914, 0.018756724806876367, -0.7837899107572609, -0.9452893658292993, 0.0031716576333362567, 0.3262173438643437, 88.56055648566283], [0.28980528963090835, -0.024282446075889384, 0.9567775378396588, -0.8997461356762999, 0.012775342227052271, 0.9996871815832, 0.021501851297476986, -0.7770484530337434, -0.9570002620300686, 0.00599181011620529, 0.2900248208100829, 88.64138089243383], [0.25578835914315806, -0.020354121828823724, 0.9665185073507032, -0.530288929691158, 0.008904754478587006, 0.999785520896404, 0.01869806282964319, -0.7766966027891422, -0.9666916952910906, 0.00382386329165609, 0.2559147208051416, 88.72733703145941], [0.22356490412954413, -0.01231801740759129, 0.9746112045778549, -0.10186169483510982, -0.009759408025572994, 0.9998417226766008, 0.014875602511395213, -0.7657631308846965, -0.974640086185969, -0.012837289299545637, 0.22340928002850777, 88.83802243363574], [0.1950996579023099, -0.008299808221104724, 0.9807483044440597, 0.2767039931679179, -0.015161845431832782, 0.9998191782467496, 0.01147733649829455, -0.7733308687838037, -0.9806661254395289, -0.017109176435040795, 0.19493851978802523, 88.9006677204763], [0.1706806878082628, -0.009236227231699692, 0.9852831039431389, -1.289731274536372, -0.09853505819109552, 0.9947834796829138, 0.026394523243102323, -1.1777474246432058, -0.9803870424281713, -0.10158995272869961, 0.1688802195152919, 88.70173792570802], [0.1471631068270693, -0.007527959007977876, 0.9890835909174625, -0.8633710396890691, -0.09273262855769461, 0.9954616085904118, 0.021373942625772382, -1.1766955837708375, -0.9847555461709593, -0.094865767088482, 0.14579712109729429, 88.73920853250738], [0.12670474585192298, -0.0008903885827971837, 0.9919400761068051, -0.44925698206692133, -0.08674633750647195, 0.9961584615674841, 0.011974655599042146, -1.1636011817560805, -0.9881400634999083, -0.08756440508946134, 0.12614075419044957, 88.76505338619242], [0.1071011608828255, 0.005744032844567872, 0.9942315361243751, -0.05416730342874587, -0.0852774714403992, 0.9963513375194752, 0.0034300273881461775, -1.1527581668290425, -0.9905841196089843, -0.08515290234983426, 0.10720021082023397, 88.78233289130354], [0.09008157858329248, 0.006723864664717947, 0.9959116922920002, 0.32676334355112363, -0.08671843891220732, 0.9962322334356604, 0.0011177729751971595, -1.1360765970130755, -0.9921517145846546, -0.08646458888063632, 0.09032524628498013, 88.79187184665648], [0.0741400080592193, 0.002017560070913975, 0.9972458015235472, 0.7835091804787776, -0.08966846123923694, 0.9959608081370833, 0.004651420633953078, -1.147057621988168, -0.9932082505947792, -0.08976634340992344, 0.07402144649545492, 88.82595598452413], [0.05929718240818727, -0.0013049245497545078, 0.9982395210220705, 1.2570088712721346, -0.08992319585097588, 0.9959265448801361, 0.006643496899988589, -1.1543374734577865, -0.9941818070185883, -0.09015881911021167, 0.05893828916685852, 88.85344794945361], [0.045513693072318596, -0.003791160267144111, 0.9989565209991629, 1.7398733869569507, -0.08806822212027614, 0.9960839629334546, 0.0077927555689020715, -1.1581522076952575, -0.9950740143529551, -0.08833099255547902, 0.04500157456877019, 88.87081485356644], [0.03363177109652345, -0.0044441047384804035, 0.9994244113018192, 2.2308170632201145, -0.08460632102266254, 0.9963878790430581, 0.007277701497390968, -1.1579384481085913, -0.9958466127628307, -0.08480237561457886, 0.033134286455727274, 88.87576878024369], [0.02351353156462126, -0.0034406045606402763, 0.9997175981614109, 2.7502895163067627, -0.0802671214939027, 0.996759200952257, 0.00531831966884481, -1.1467149712405962, -0.9964959129438938, -0.0803694978749047, 0.023161159242588006, 88.87608483124413], [0.010188878353253338, -0.0042153240790800415, 0.9999392070525159, 3.4851837506712404, -0.08061613822468694, 0.9967325645705724, 0.005023244201426321, -1.2019485245665749, -0.9966930452311386, -0.0806624100131801, 0.009815762769875582, 89.09992248495033], [0.006939122779549478, -0.0120013069156727, 0.999903903986463, 2.7350725551967865, -0.0731923276351845, 0.9972397910729033, 0.01247727038319988, -1.5692914729105123, -0.9972936041611047, -0.0732718676516375, 0.006041565211430267, 89.0461134236112], [-0.002819312562389128, -0.02116898556689968, 0.9997719367569524, 2.1180950030803087, -0.10159359821309712, 0.9946090768984117, 0.0207731787024601, -2.0203118514927123, -0.994821890813441, -0.10151185173784331, -0.004954746727488424, 88.97718366094887], [-0.00871955094823736, -0.02052609242888838, 0.9997512935529843, 2.6969377239223924, -0.10137848855859764, 0.9946560694483126, 0.019537286587627847, -2.011418164889268, -0.9948096167895242, -0.10118290811585942, -0.010753857368724046, 88.96863394883209], [-0.013509801447130298, -0.02038483517518161, 0.9997009271575892, 3.2919535354274148, -0.09968215878815428, 0.9948390806182765, 0.018938608552762092, -2.0038073848379723, -0.994927512236051, -0.09939647930565003, -0.015472081225008915, 88.96587064720954], [-0.01681455745587354, -0.015415174699466726, 0.9997397876680469, 4.07622113386507, -0.07409360304447123, 0.9971511956248097, 0.01412908531716078, -1.7930177767696354, -0.9971094272306741, -0.07383674079830736, -0.017908820061902885, 89.01932358094069], [-0.0168643881084524, -0.014568649703587573, 0.9997516425890709, 4.641844513107435, -0.0676063833577586, 0.9976221188990287, 0.013397194209791763, -1.7228399583180063, -0.9975694313581244, -0.06736365011568327, -0.01780921848169838, 88.8952733584537], [-0.02113186414731202, -0.016774661814626345, 0.9996359612572311, 5.332588712572098, -0.07147739338486259, 0.9973260172574742, 0.015224898562828468, -1.8051892621410839, -0.9972182447859216, -0.07112963476697379, -0.022274364727445865, 88.94433993468951], [0.011585460617698575, -0.021168336271706847, 0.9997087969212672, 5.386974239825604, -0.0865288978933008, 0.9960043493659309, 0.022092665604625264, -2.1283288931932316, -0.9961818752302846, -0.08675964496759468, 0.009707495443153864, 86.95891797837467], [0.02449503610290643, -0.026171732694619268, 0.9993573102820045, 5.274592717111665, -0.0857681526596299, 0.9959164089986378, 0.028183865537056197, -2.288927615217513, -0.9960138647962277, -0.08640338603799194, 0.02215030507374039, 86.36254333137825], [0.02684671815838462, -0.02639280083729443, 0.9992910856142423, 5.960327458863883, -0.08359422664057164, 0.9960906930867688, 0.02855409634857047, -2.2787510820575183, -0.9961380730678658, -0.084301540362147, 0.024535477929235945, 86.37478202116125], [0.029278932606622926, -0.026534269129056588, 0.9992190333791723, 6.737360758279147, -0.0816031154389977, 0.9962473650527465, 0.028846475973803434, -2.2670506041529332, -0.9962346496856718, -0.0823839714418181, 0.027003777794001455, 86.45072444439327], [0.03383372145671896, -0.027080553601256635, 0.9990605201433207, 7.463244208670899, -0.08087562607105812, 0.9962802930204606, 0.029744089272956853, -2.2521674324167065, -0.9961496945795789, -0.08180598962487913, 0.03151771010897321, 86.46757103712487], [0.03777133148175577, -0.028838447560745505, 0.9988701970027863, 8.205466914957897, -0.07909946882877353, 0.9963607592627315, 0.0317570690145881, -2.235901922748311, -0.9961507928810683, -0.08020960029610015, 0.035352763156027124, 86.49637227153872], [0.04158349879775541, -0.030562723754771204, 0.998667478465395, 8.950635835794529, -0.07919743805570557, 0.996286187475601, 0.03378754875308816, -2.2194748073559807, -0.9959911546318829, -0.08049690173199812, 0.03900857221951303, 86.53277417309272], [0.045620136056469016, -0.03273340547689184, 0.9984224192955996, 9.708873231929681, -0.08219439339692755, 0.9959510717477328, 0.03640802629436507, -2.1994288235662145, -0.9955715377217628, -0.08372565537341124, 0.04274491678112, 86.57774377767521], [0.049766005367931514, -0.033953391836337554, 0.9981836063032345, 10.490677192884343, -0.08259664020714345, 0.9958586148680447, 0.03799229158117008, -2.1778265681651807, -0.9953396112231763, -0.08433732786861958, 0.046755464472989006, 86.62031736214836], [0.05362670955080361, -0.03290506590368012, 0.9980187536617895, 11.274503118680755, -0.08527588845048646, 0.9956548444737469, 0.037409270574776846, -2.1520112625528163, -0.9949130620196721, -0.08711306281020632, 0.050587679433561045, 86.67818752844536], [0.05668387247468387, -0.02886957551663653, 0.9979746921694791, 12.05979574288801, -0.08694130055715955, 0.995641905955703, 0.033740263222477085, -2.1299324386924385, -0.9945993922632392, -0.08867773709529057, 0.05392687505559259, 86.73362230503568], [0.05784405088038123, -0.023723917654483107, 0.9980437072137046, 12.84081790672303, -0.09274688026416589, 0.9952663389575567, 0.029033269524525878, -2.111476834394845, -0.994007990134526, -0.09424483223136479, 0.05536991192343959, 86.79856924134393], [0.057688659812489544, -0.0206489022995282, 0.9981210554651511, 13.63595592253074, -0.09572111723237746, 0.9950654813545117, 0.026118107368199937, -2.09364632810075, -0.9937350194233999, -0.09704797099324391, 0.05542745256347843, 86.85356089660002], [0.057915556235356234, -0.021135125341068327, 0.9980977381112384, 14.428720257163462, -0.09804991744110278, 0.9948217796612046, 0.026755193916397524, -2.0785101474253134, -0.9934947431753256, -0.09941293234150414, 0.055543353934240036, 86.90543636703521], [0.05818352295825531, -0.02294716015074546, 0.9980421361331322, 15.226944557760634, -0.10079250204511897, 0.9944922308837862, 0.02874150732428157, -2.0662296729560428, -0.9932045871756507, -0.10226743549705532, 0.05555015436619085, 86.95454530407841], [0.05801667462403805, -0.024279337682113343, 0.9980203300671234, 16.026277165158085, -0.0999955316336697, 0.9945352911382738, 0.030007471299754663, -2.0546982915890255, -0.9932949017695392, -0.1015384965563803, 0.0552717996424773, 87.00126329001371], [0.058555557