{"algorithm description": "Algorithm 4: BM + SIFT + BF + Filter: Lowe Ratio Test ", "odometry": [[1.0, 9.04368e-12, 2.326809e-11, 5.5511150000000004e-17, 9.043683e-12, 1.0, 2.39237e-10, 3.330669e-16, 2.32681e-11, 2.39237e-10, 0.9999999, -4.440892e-16], [0.9999914847814081, -0.0025042749535879472, -0.0032800871377981792, -0.0028797509735254464, 0.0024979456400440526, 0.9999950132287907, -0.0019323004761489446, -0.01015511361212986, 0.003284909511679314, 0.001924090828769179, 0.9999926535950117, 0.6567435671445926], [0.9999733923010549, -0.0011082091688272848, -0.0072101707579229025, -0.0181718338873317, 0.0010834391777811364, 0.9999935016734817, -0.0034384255636023524, -0.014293831481557457, 0.007213933724274896, 0.00343052242889953, 0.9999679948258829, 1.338427154506071], [0.9999437180716708, -0.0007229549925305533, -0.010584801608028877, -0.045786912155766836, 0.0006718788201096901, 0.9999881185176719, -0.004828188308049577, -0.0201226551625142, 0.010588165395776223, 0.004820804860639901, 0.999932223000168, 2.0351074025830806], [0.9998864455567322, 0.0007971099368526708, -0.015048608163958878, -0.07160885293299284, -0.0008781617735862612, 0.999985141223284, -0.005380163988998524, -0.029434376501812493, 0.015044094519573897, 0.005392768099134436, 0.9998721884682691, 2.7483628247352043], [0.9998139166999829, -0.00027662376621182303, -0.01928873900313358, -0.09062720388508416, 0.0001702403587092591, 0.9999847682021574, -0.005516736526071189, -0.04042513178148359, 0.019289969379007357, 0.005512426158897287, 0.9997986348456426, 3.475264386262011], [0.9997172482226538, 0.001667069448771299, -0.023720128279101516, -0.11848251930715452, -0.0018273259981872393, 0.9999756428099277, -0.006736072042989887, -0.050141734512470615, 0.0237083186983375, 0.006777511614520828, 0.9996958442250443, 4.219820619883231], [0.9995830657606775, 0.004421867535214571, -0.028533168979025463, -0.1522038275560745, -0.004631291445292158, 0.9999627919931651, -0.007277758499915844, -0.0611159307213269, 0.028499923226947402, 0.0074068693125863075, 0.9995662522629779, 4.986870584972918], [0.9994445569265947, 0.004707349781044112, -0.032991188033187964, -0.18371720373979195, -0.004896555959957684, 0.9999720128770351, -0.005656606967257255, -0.06952694009283088, 0.032963633824986724, 0.005815008139667098, 0.9994395352023046, 5.770466392410615], [0.9992798292221217, 0.003824524465524612, -0.0377517671430055, -0.2146799275339359, -0.003939961984988515, 0.9999877865005282, -0.0029838815879687343, -0.07750022100776348, 0.03773989040431013, 0.003130473376652765, 0.9992825930680067, 6.570871871753629], [0.999139218061748, 0.003500660877601114, -0.04133483161183035, -0.25194411267857686, -0.0035170210572594133, 0.9999937630701986, -0.00032308448827596525, -0.08675584889064186, 0.04133343871162803, 0.0004681822879766883, 0.9991451984819965, 7.379653229095822], [0.9990165978024281, 0.0050269520958972705, -0.04405186792732383, -0.29635786887584736, -0.005074289634150202, 0.9999866621809107, -0.0009628317557508786, -0.09501409425081002, 0.04404643590178478, 0.0011854172018348037, 0.9990286814053031, 8.193874488666708], [0.9989272143924832, 0.004596975945269255, -0.0460791510146585, -0.345484487270118, -0.004660052653410783, 0.9999883461350343, -0.0012615480118212776, -0.09993989716123088, 0.04607281014556578, 0.0014749262424135284, 0.9989368952831209, 9.006579655007384], [0.9988523081536643, 0.0015995746760564542, -0.047869696645705034, -0.3869483739141406, -0.001693296868167968, 0.9999967282080233, -0.0019173729331263057, -0.10545531015136642, 0.047866468303852515, 0.001996230266178747, 0.9988516487831672, 9.835722437754251], [0.9987592204091853, 0.001751531970217527, -0.04976898415069702, -0.4360103745800246, -0.0018116463500674042, 0.9999976829321887, -0.0011627844836742357, -0.11334635363250883, 0.049766827247316625, 0.0012515058763053774, 0.9987599794939664, 10.667765768794496], [0.9986924152353129, 0.0002994277495199686, -0.05112113158449235, -0.48419383061060894, -0.00036941051353827996, 0.9999990076243069, -0.0013595169265026457, -0.12435973343023085, 0.05112066871026145, 0.0013766242671785632, 0.9986914348968122, 11.513633076678518], [0.9985918817087199, 0.002656934002186636, -0.052982964121922146, -0.538667803244895, -0.0028538019493392444, 0.9999893016820872, -0.0036403757780751815, -0.13479507878803432, 0.052972719802975216, 0.003786452684595102, 0.9985886809556545, 12.368166747543107], [0.9985159009203888, 0.0030063868946468165, -0.05437791138856943, -0.5929112629482346, -0.003348291013023921, 0.9999751893863202, -0.006197544601326403, -0.14575704541836795, 0.05435792463142093, 0.00637041974465711, 0.9985010935307244, 13.231257817575015], [0.9984055176800971, 0.006947682847023145, -0.056019210713770605, -0.653951122025041, -0.007399146029369129, 0.9999417686330292, -0.007855697364698336, -0.15672338982171047, 0.05596136419150677, 0.00825766556766385, 0.9983986862357185, 14.103289956728712], [0.998343564261074, 0.007983970297200478, -0.05697704728035109, -0.713096550704592, -0.00842808943316462, 0.9999359149182748, -0.007558661591807368, -0.169127127228827, 0.05691304212310584, 0.008026348480904662, 0.99834677510691, 14.988808302193862], [0.9982684127856252, 0.007211886616152815, -0.05837948891437213, -0.7679089657727254, -0.007582314220638458, 0.9999524883405725, -0.006126138470286208, -0.1831711352635552, 0.058332528401508994, 0.0065581819791952385, 0.9982755663540129, 15.877053435057734], [0.9981810415031768, 0.00790834021256155, -0.05976676784563961, -0.8266630685788419, -0.008201116872014153, 0.9999555356109087, -0.004654941799044779, -0.195337092093148, 0.05972729155920067, 0.005136628866429605, 0.9982014153901512, 16.775126150883715], [0.9981271759919478, 0.007474908577463149, -0.06071462993461131, -0.8869101319996578, -0.007767643452343091, 0.9999593112287387, -0.004586894607922661, -0.20824859312190108, 0.060677866888018156, 0.00504991373306253, 0.9981445260287806, 17.676611315030286], [0.9980237863150573, 0.007336605192549679, -0.06240750094022723, -0.9471343012644993, -0.007687944069446608, 0.9999559127118441, -0.005391488533640643, -0.22185719444031357, 0.06236518814622504, 0.005860619069693025, 0.9980360897540811, 18.58081834246246], [0.997969562277139, 0.006171667297651009, -0.06339292776912732, -1.0067806998792526, -0.006574123613354285, 0.9999595277029485, -0.0061419748300871515, -0.23613335945661693, 0.06335244959457244, 0.006546256700182066, 0.9979696456574181, 19.483916956508388], [0.9979301769944728, 0.006350440814753598, -0.0639924506894159, -1.06768616566299, -0.006645246538611377, 0.9999682614215883, -0.004395093619885363, -0.2493698978097641, 0.06396250252510301, 0.004811242163070651, 0.9979406045549928, 20.40807909445545], [0.9979255239907328, 0.0079429185769724, -0.0638870770367536, -1.1331269027671227, -0.008017991587787538, 0.9999674332910028, -0.0009187863203579158, -0.2637610344253751, 0.06387769225480823, 0.0014291267023430782, 0.9979566112958411, 21.32516082221339], [0.9979667232621328, 0.009082759310924766, -0.06308662889028435, -1.1958423217739576, -0.008917845471310335, 0.9999560440218344, 0.0028951781212381033, -0.27677208447209245, 0.06311014579299917, -0.002326693903617696, 0.9980037555006871, 22.25543349654504], [0.9980773885573692, 0.008283994017650115, -0.06142395211655376, -1.2569631559117724, -0.007945867970294031, 0.9999519163306261, 0.0057470173923476675, -0.28556643317146396, 0.06146860078103024, -0.005247900493589757, 0.9980951210473086, 23.186060373108702], [0.9981745153111915, 0.0086916892301138, -0.059766976848373635, -1.3188528492966962, -0.008315888765154975, 0.999944077316703, 0.006533623289875031, -0.29264543751914285, 0.059820416802268, -0.006024679647976544, 0.9981908740159628, 24.11824716437782], [0.9982566657476433, 0.009201796525973381, -0.058300568016884, -1.378317581376419, -0.00899877776519093, 0.9999525016027422, 0.00374386660439409, -0.3015784025086704, 0.05833224334098248, -0.003212705138188057, 0.9982919552478189, 25.04773183455283], [0.9983051183672534, 0.01032815881711149, -0.0572732029590751, -1.4401057245064175, -0.010407030073366493, 0.9999452632414426, -0.0010790023424960633, -0.3092228647860902, 0.05725891821762103, 0.0016732178184438017, 0.9983578600014573, 25.97441717272137], [0.9983799575008028, 0.009534781620967653, -0.05609410307808126, -1.4972023372747312, -0.009775197221871288, 0.9999441686810364, -0.0040131085289674805, -0.3186021061159655, 0.05605270159338828, 0.004554938066565984, 0.9984173211554886, 26.920537305900403], [0.9984453676561894, 0.007203500825435725, -0.0552716688888024, -1.552534173542784, -0.007382247826015917, 0.9999681587960613, -0.003030480333478046, -0.32996813754284493, 0.05524807342286132, 0.0034337983436430546, 0.9984666541312268, 27.87228365375332], [0.9984478512923964, 0.005897950210991657, -0.0553814267864598, -1.60645922172233, -0.005796528855063561, 0.9999812163560828, 0.0019917801691975404, -0.3457630854602992, 0.055392128446205634, -0.0016676679462735305, 0.998463184594119, 28.831696665821724], [0.9984187428441775, 0.0021647441935102236, -0.05617230474199663, -1.6601780413632456, -0.0018596689516032537, 0.9999832403180755, 0.0054827652104941, -0.3572594047122879, 0.05618322652343955, -0.005369632642172627, 0.9984059355305904, 29.807684852369817], [0.99834660574482, -0.005104833977909458, -0.05725378125376398, -1.7084827576029116, 0.0053854513102038915, 0.9999742260695731, 0.004748063894333211, -0.3642707421336321, 0.05722806184712147, -0.005048549940955197, 0.9983482664284669, 30.78081532823606], [0.9982507608708735, -0.007161321483340641, -0.05868674377858384, -1.756186373493295, 0.007229901877045528, 0.9999734066206823, 0.0009563316769598913, -0.37512888157398755, 0.05867832868324283, -0.0013789576071488508, 0.9982758898314977, 31.729854641298157], [0.9981849325499077, -0.006631234333799049, -0.05985705607148591, -1.8238108693558996, 0.006462511471993611, 0.9999745818409933, -0.003011912582660988, -0.3844883212940846, 0.05987550137543866, 0.00261961906281921, 0.9982023151300619, 32.691930821388986], [0.9980688541064253, -0.005059611628421015, -0.06191092628006531, -1.892638572267843, 0.004829613085609571, 0.9999808716977157, -0.0038640750667139232, -0.39493604532117427, 0.06192928660412122, 0.00355760727678055, 0.9980740988980619, 33.66681750760584], [0.9980376019788146, -0.004654878760289886, -0.06244419220474397, -1.9629433440794581, 0.004507561382087569, 0.9999867162288468, -0.0024998512426935857, -0.40981597529927016, 0.06245499301794001, 0.002213474767147383, 0.998045226618811, 34.64392743277747], [0.9979746398565005, -0.001283693340840371, -0.06360008124754084, -2.0321238637607237, 0.0013102045337196786, 0.9999990713178003, 0.0003751367989583288, -0.42812679340051396, 0.06359953430978153, -0.0004577056024484755, 0.9979752951557317, 35.61289975795321], [0.9978982773268247, -0.0009432666049858618, -0.06479304249891941, -2.0999959320981607, 0.0010636841438084051, 0.9999977707540458, 0.0018240238437381175, -0.4453847003225439, 0.06479117108634265, -0.001889108916064618, 0.9978969563120097, 36.60238302221427], [0.9978416272874904, 0.0004990828695994975, -0.06566458534508202, -2.1692108073373784, -0.0002097609769357719, 0.999990241210296, 0.0044128771236064245, -0.4552993101333685, 0.06566614040930138, -0.004389577705016771, 0.9978318944648576, 37.57781509629803], [0.9978473392349694, 0.0004889252278600107, -0.06557780519209723, -2.2377983238131027, -1.195745290667181e-06, 0.9999723432747835, 0.007437249767915442, -0.46480994765775036, 0.06557962127226882, -0.007421160257188999, 0.9978196428484619, 38.573684124721815], [0.9977894623251687, 0.006669417576726032, -0.06611889096193911, -2.3128919376360226, -0.006037483875543195, 0.9999342141638184, 0.00975275002453792, -0.4740584281150556, 0.06617957986343073, -0.009331998053171201, 0.9977639886373153, 39.55289075382736], [0.9977715164967444, 0.006620858430062221, -0.06639401404821943, -2.3835682769346334, -0.006021284167917431, 0.9999393051924164, 0.009226595703654606, -0.4802781731522045, 0.06645106565870161, -0.00880625580232607, 0.9977507232428228, 40.552751008242446], [0.997781066881479, 0.006968263022628458, -0.06621469537273984, -2.454167435085018, -0.006485997252525691, 0.9999508730943781, 0.007495547840732584, -0.4842524350974933, 0.06626366681546464, -0.007049446205403482, 0.9977771453427741, 41.54210511056923], [0.9977692749036077, 0.009368202126930101, -0.0660962241526537, -2.5321581844393264, -0.009039028795795398, 0.9999452204044545, 0.00527751349759551, -0.49125147199412317, 0.06614203766930364, -0.004668294196667512, 0.9977991971745893, 42.521081994297994], [0.9977068356430047, 0.008969663402230278, -0.06708662496856548, -2.603640482850437, -0.008632062110384075, 0.9999485885321625, 0.005320507143168527, -0.49825734855519954, 0.06713089243411631, -0.004729209480534194, 0.9977328689878355, 43.51153587577208], [0.997645132055663, 0.007123793720907848, -0.06821614214143687, -2.672289987414872, -0.006699360950626923, 0.9999567659124378, 0.006448633094939112, -0.5058596772889248, 0.06825912482803255, -0.005976441780285236, 0.997649624879079, 44.48215359161581], [0.9975894666659396, 0.007827529596909268, -0.06894915356678111, -2.7468030638019383, -0.007330715565260024, 0.9999453358515714, 0.007455596420874761, -0.5138348529043552, 0.06900373656420569, -0.006932176651883593, 0.9975922159214423, 45.46265948138195], [0.9975560755337195, 0.010141424881317139, -0.06913051183913195, -2.823955825222356, -0.009901379345200089, 0.9999437059607598, 0.0038141311625869453, -0.5207303871659164, 0.06916529405321356, -0.003120321501122821, 0.9976002334062833, 46.423614403353724], [0.9974880833434989, 0.010676558828761602, -0.0700252431576537, -2.896796035653941, -0.010736447183194605, 0.9999422480051122, -0.00047891164768307394, -0.5267336053800893, 0.07001607897146227, 0.0012295313421808328, 0.9975450049687729, 47.36752727150638], [0.9974558410286999, 0.011510914494253498, -0.0703515745753757, -2.9792204315745643, -0.01166727555407732, 0.9999302931615119, -0.0018120427917422016, -0.5340337506276007, 0.0703258053281479, 0.0026282440892032213, 0.9975205127905707, 48.32304374006072], [0.9974710092509493, 0.010279553461369323, -0.07032721012899074, -3.0541789249471574, -0.010184039177048534, 0.9999466679495066, 0.0017165671326163305, -0.5473363115079467, 0.07034109798571411, -0.0009960103085237587, 0.9975223996971886, 49.29595135671489], [0.9974716199551215, 0.008518079403906408, -0.070553594574438, -3.123652927820827, -0.008200181107796602, 0.9999548853802619, 0.0047941875169782485, -0.5592508995078319, 0.07059124182916464, -0.004203512836412322, 0.9974963694454525, 50.26566675397338], [0.9974773920342437, 0.00709632841690799, -0.07062927511707366, -3.1965773955766457, -0.006731543551429315, 0.9999627545527803, 0.005401465415272202, -0.5710109197647242, 0.07066496804735503, -0.004912394624106479, 0.9974879100369746, 51.213530976845114], [0.9974850480943039, 0.004046903502354803, -0.07076158138670094, -3.26632782428751, -0.0037629375993160803, 0.9999843260406472, 0.004145838112827269, -0.5814244495723627, 0.07077724304622333, -0.003869139248608826, 0.9974845420497798, 52.16644560281381], [0.997467220319198, 0.001667343559947842, -0.07110811735762325, -3.335284683021417, -0.0014691097637451478, 0.9999948880798191, 0.002839987805205374, -0.593514163392808, 0.07111248202844705, -0.0027283283609249947, 0.9974644711086792, 53.10894583557031], [0.9974039373053921, 0.0005238782512968037, -0.07200771763692419, -3.408006392489235, -0.00023176470613608062, 0.9999917110246014, 0.004064992892053567, -0.6048513751570058, 0.0720092431734716, -0.004037750185865531, 0.9973956915241958, 54.04685406259248], [0.9973178731661314, -0.002331457763995024, -0.07315479593354472, -3.4762440136663524, 0.00293796348922805, 0.9999621928631011, 0.008184205212207214, -0.6148238136101596, 0.07313294176589824, -0.008377178939242955, 0.9972869174423646, 54.991664390514856], [0.9972766379196363, -0.00291718061041429, -0.07369394491403311, -3.547137585986931, 0.003892041439383357, 0.9999067689946189, 0.013088366291382336, -0.6198915918162634, 0.07364888590847357, -0.013339540006119747, 0.9971949148871919, 55.935747698710365], [0.997255209421606, -0.0006319193712939507, -0.0740381520526879, -3.6272587198883066, 0.001769543672825019, 0.9998813702328336, 0.015300790061377363, -0.6252561240846163, 0.07401969270359784, -0.015389804323118974, 0.9971379237673036, 56.8613831368274], [0.9971500491736058, 0.0006632633990656049, -0.07544096708512389, -3.7020964285596367, 0.0001917060435156511, 0.9999358500172487, 0.011325153379823833, -0.6309167776412301, 0.0754436316102438, -0.011307338129700754, 0.9970858551568599, 57.77925563930201], [0.9970351182744039, 0.0023670537090646313, -0.07691144247954093, -3.7763288956026635, -0.002101643508240547, 0.9999915553724894, 0.003531611285973748, -0.637480295376634, 0.07691914485812885, -0.003359499227883462, 0.997031573682218, 58.684176520751556], [0.9969457487045899, 0.0042108466725610276, -0.0779836066756645, -3.8513810419874286, -0.00432144354936286, 0.9999898818831537, -0.0012495026881011132, -0.6477615619489866, 0.07797754841075441, 0.0015826884673181838, 0.996953758727591, 59.58242930935723], [0.996819644218093, 0.009284883238388268, -0.07914788591089632, -3.929380617969685, -0.009339939902263438, 0.9999563288523625, -0.00032543928750411634, -0.6620238667723471, 0.0791413998938785, 0.0010636411451044295, 0.996862732521564, 60.47061825674234], [0.9967032250411235, 0.012366493433402181, -0.08018572836100589, -4.0065428589049406, -0.012248057734381207, 0.9999230516525348, 0.001968719284096694, -0.6789923796319571, 0.08020389637594932, -0.0009801088521972942, 0.996777896219996, 61.34047549228737], [0.9965769105048851, 0.014972939821693768, -0.08130358246494397, -4.084093748929519, -0.014723682188190921, 0.9998848857973671, 0.0036644695126833446, -0.6973221492166515, 0.08134908305379222, -0.0024548368720146933, 0.9966825474855303, 62.213523665918245], [0.996461281922411, 0.01600245092903219, -0.08251566635378424, -4.15464557759802, -0.015753432993010942, 0.9998691788296805, 0.0036680479000702404, -0.7159103863887036, 0.08256356109674551, -0.0023551619772065402, 0.9965829175693774, 63.050711081068265], [0.9962904300624307, 0.01781427915992526, -0.08419044140535983, -4.229806642519573, -0.01748565137118048, 0.9998363514950043, 0.004639205242911212, -0.7294817666586886, 0.08425929947483286, -0.0031498702851962663, 0.9964387832522399, 63.88656129030453], [0.9961477949913914, 0.018473206585944493, -0.08572229098794722, -4.301202263891776, -0.01808086821298389, 0.999822208371965, 0.005351060724146633, -0.7437625485019378, 0.08580589298960041, -0.003780513037655714, 0.9963046002350069, 64.7077036686723], [0.9960131180391257, 0.018536640119304847, -0.08725973680378546, -4.375631634790518, -0.018098171217078712, 0.9998193140263224, 0.005813389590677989, -0.7552144087310296, 0.08735172220651218, -0.004210969735208145, 0.9961685321076214, 65.52455157518735], [0.9958937068943304, 0.01838275649814241, -0.08864422616165744, -4.448613774707066, -0.017839735020105125, 0.9998169514849152, 0.006914287947780961, -0.7642051283753153, 0.08875509480168886, -0.005304505339371756, 0.9960392539302129, 66.3242294478793], [0.9957159670369712, 0.021316651765220507, -0.08997395926127291, -4.5286517223368365, -0.020534740202393174, 0.9997429793624736, 0.009607271218527004, -0.7723511493816263, 0.09015561997283096, -0.007718520222336089, 0.9958976798009417, 67.11402515431527], [0.9955776121013785, 0.02282998309231846, -0.09112634171589135, -4.608259920761274, -0.021670447865864542, 0.9996713814576644, 0.013693822834363331, -0.7768529734267605, 0.09140901654914527, -0.011658513155383052, 0.9957450832238798, 67.89531214468772], [0.9953435835552269, 0.02592999858116139, -0.0928374162125368, -4.689394210631794, -0.024604195990483087, 0.9995786896232821, 0.0153972981612132, -0.7796222874255012, 0.09319754548000447, -0.013041410161486784, 0.9955621221890223, 68.66887254835248], [0.9951384520269262, 0.028727905438214428, -0.09420280646873527, -4.772557514540364, -0.027782514944471443, 0.9995497555683244, 0.011332166900653964, -0.7873291124833338, 0.0944859321832293, -0.008659882803515031, 0.9954884303944987, 69.41636181301946], [0.9950045667845995, 0.028824205678648015, -0.09557759802791847, -4.849583346557859, -0.02856526590307375, 0.9995836166818679, 0.004076621773537493, -0.7964190908003468, 0.09565529696209249, -0.0013260571674569824, 0.995413535037318, 70.1338568017934], [0.994875746676025, 0.027937399940265038, -0.09716866964407608, -4.921811457147014, -0.028244723839662856, 0.9995994382834316, -0.001788451472866467, -0.803042851871374, 0.09707977323570074, 0.004523789261629584, 0.9952662221532633, 70.84099607835975], [0.9948080562038969, 0.02879527027740667, -0.09761026442683135, -4.997292338151729, -0.02922836318913099, 0.9995682291479919, -0.0030096616476556416, -0.8090865471532623, 0.09748144542337144, 0.005847023808095141, 0.9952200661716812, 71.52978727265685], [0.9946565844586165, 0.031621361213908614, -0.09827699887613162, -5.072975933657399, -0.0317109687397623, 0.9994968690954593, 0.0006504844054676857, -0.823066203256429, 0.09824811208944344, 0.0024694504749722115, 0.9951587864683804, 72.19315735719395], [0.9945290114352994, 0.03189673744964767, -0.09947182291279794, -5.145675712090537, -0.03175667710977243, 0.9994911527241708, 0.0029915021403623503, -0.839359948317297, 0.09951661618446256, 0.00018375935673988262, 0.9950357829423528, 72.84738062422169], [0.9945182951846315, 0.028805266124811074, -0.10051675077584611, -5.214358677367663, -0.028975793158512796, 0.9995800855426378, -0.00023663771872040515, -0.8520862674594597, 0.10046771591216978, 0.0031478932848690035, 0.9949352385091537, 73.48016206228561], [0.994706701482577, 0.020727974247743038, -0.10064258099451132, -5.267836395709612, -0.021382642646312643, 0.9997566171072938, -0.005430390744854647, -0.8655196876879593, 0.10050551529801137, 0.007553650133941038, 0.9949077262562307, 74.08825446746063], [0.9947078302433594, 0.01639954742950027, -0.10142675828722954, -5.264355365331497, -0.017453954094617623, 0.9998023735780934, -0.009516999215898034, -0.8928430246699091, 0.10125062911275086, 0.011236930979034148, 0.9947973871530085, 74.63518369801126], [0.9949611929951161, 0.01890855246827448, -0.09846162235759896, -5.324227043817776, -0.019962637439718794, 0.9997533669405492, -0.009731310162953229, -0.9049833672458438, 0.09825332368905407, 0.011647828952441514, 0.9950931677309198, 75.21780230217068], [0.9952488002512424, 0.023916741303900375, -0.09438122209351608, -5.3886819872052385, -0.024669935701252227, 0.9996723772691839, -0.006821465933061356, -0.9165302868457622, 0.09418714403955764, 0.009117434033973321, 0.9955126590326794, 75.79150829849534], [0.9957112438203705, 0.022291359282824427, -0.0897898336729472, -5.437640856188607, -0.02273195372328632, 0.9997340385994323, -0.0038872027979252066, -0.9264224399773857, 0.08967929307638298, 0.0059116297650001065, 0.9959530496096942, 76.34983257790756], [0.9962758393437625, 0.01861701453711529, -0.08418942160156934, -5.474836195423816, -0.0186596503935995, 0.9998258542252448, 0.000280481637884482, -0.9378723968760794, 0.0841799737196849, 0.0012915084448268412, 0.9964496294497271, 76.89403220603366], [0.9969957772800285, 0.014256628234474157, -0.07613257277391719, -5.503309081506871, -0.014016780488073114, 0.9998949740918155, 0.0036838364076021467, -0.9518263348438086, 0.07617708838943923, -0.002605635042354868, 0.9970907992106547, 77.4203351933822], [0.9976998504163281, 0.01788788075384808, -0.06538373040269531, -5.539590251702577, -0.017703993309480717, 0.9998375223628753, 0.0033907958012912125, -0.9599171596448515, 0.06543375465420949, -0.002225442636369474, 0.9978543336363946, 77.93591796356415], [0.9984697181636473, 0.023033070766267448, -0.0502762325685076, -5.568327875297327, -0.022924538951211743, 0.9997334588604524, 0.002734364421909138, -0.9678585919282191, 0.05032580769633229, -0.0015776199846831652, 0.9987315075609178, 78.43776115285817], [0.9990859668607506, 0.02803714749881118, -0.03226684338524926, -5.583505635861666, -0.027950511457104928, 0.9996043983447527, 0.0031330048057025, -0.9742736280959923, 0.03234191588537674, -0.002228265657344752, 0.9994742794634744, 78.92958370115427], [0.9995980922262019, 0.02644253603240308, -0.010219897548987401, -5.575111753528942, -0.026409247337133897, 0.9996455054991014, 0.0033786077803700594, -0.9796930668504326, 0.01030561261279852, -0.003107349299237412, 0.9999419676806327, 79.41200176967331], [0.9996080075105955, 0.02297684465027952, 0.01599674750108511, -5.547185459443288, -0.023044281413401355, 0.9997262655314689, 0.0040441439940071275, -0.9883618362175433, -0.015899445346179215, -0.004411191350518231, 0.9998637652343247, 79.87838972371402], [0.9987199495407911, 0.021875984969893906, 0.04560596091341424, -5.507945238041936, -0.022143229704423156, 0.9997404248210671, 0.00536286834175509, -0.9982356659641437, -0.04547680012714757, -0.006365865752113913, 0.9989450117015597, 80.33088501890226], [0.9966538006085555, 0.021498041710484823, 0.07886086440773529, -5.456063695958308, -0.022078830261229178, 0.9997351019175499, 0.006500096014962315, -1.0066266921865132, -0.07870022707488136, -0.008219499735847317, 0.9968643408621165, 80.77831174606979], [0.9929664797640599, 0.021500078025615404, 0.11642730225278966, -5.38076428835881, -0.02241398835243571, 0.9997273448918511, 0.006545914880919449, -1.0126367856351501, -0.11625480841244688, -0.009109472862449997, 0.9931775455703583, 81.22167030217373], [0.9872086210605191, 0.021642344082825338, 0.1579580559717925, -5.284395096181479, -0.022902863134542685, 0.9997186926273853, 0.0061639655768909165, -1.020443680458909, -0.15778020272914922, -0.009702810244719856, 0.987426484909186, 81.65137010007231], [0.979022581646163, 0.021061333006313444, 0.20266031895484218, -5.163263275246879, -0.02274054164218528, 0.9997236308931697, 0.00596067106949968, -1.032138861022049, -0.2024787499426102, -0.010444235477470927, 0.9792308582591628, 82.07070472508663], [0.9675992283164735, 0.022824058068023692, 0.2514573437676292, -5.027232533260208, -0.024621747523873208, 0.999688817273997, 0.004004767931951673, -1.0505013113842099, -0.25128766436807737, -0.010066328105793342, 0.9678599995737557, 82.47302088513396], [0.952187492844691, 0.023406645783395887, 0.30461632819550455, -4.871845110931071, -0.024887850948104192, 0.9996897691414366, 0.0009799740442177438, -1.0661679822105807, -0.3044988584228537, -0.008514363469853972, 0.9524745407799043, 82.85914160088845], [0.932555509427833, 0.02325262960207371, 0.3602770282052173, -4.6918692214306565, -0.02440806658938049, 0.9997011768489503, -0.0013428671540357858, -1.0803330366701305, -0.36020055822915686, -0.007541366298581651, 0.9328442987153653, 83.22645265222805], [0.9082522862729795, 0.023964766834957116, 0.4177361301473112, -4.495280896516366, -0.024584946303154824, 0.9996901480603325, -0.0038972152087239503, -1.0873289508647779, -0.4177000478503856, -0.006730364552660649, 0.9085599442077453, 83.57715356636866], [0.8792470225030228, 0.024194362012220756, 0.47575130716204034, -4.276499371115598, -0.02390081394270702, 0.9996920986683284, -0.0066677547188466225, -1.0936731224561793, -0.47576609716640106, -0.0055082389618768286, 0.8795544781823335, 83.90516204615011], [0.8457769796340652, 0.022783050610882098, 0.5330499351148441, -4.037214444221061, -0.02087159254419594, 0.9997359465256805, -0.009613212214046199, -1.1022854614585709, -0.5331281463857036, -0.002994966681545385, 0.8460290832506455, 84.21033373073529], [0.8089125305042905, 0.022297569416684277, 0.5875060309403238, -3.7821256396003324, -0.01938591908019467, 0.999748760886482, -0.011251721973187651, -1.1168595465532611, -0.5876092537083781, -0.002287684772913745, 0.8091414780214088, 84.49406379860235], [0.7691162924217564, 0.02071335020481024, 0.6387731098400304, -3.5065028632635644, -0.018276993684388686, 0.9997787345359598, -0.0104131393699259, -1.1338242431650676, -0.6388473985021722, -0.0036659361037095885, 0.7693246144115615, 84.76030759754813], [0.726211911984248, 0.0203725860391822, 0.687168986953179, -3.217680628249356, -0.01935959165620923, 0.9997704334505572, -0.009180773877611811, -1.1416504285616775, -0.6871982033013275, -0.006636122492144625, 0.7264395303517724, 85.01120606122575], [0.6808354118634956, 0.01946202660794456, 0.7321778277665714, -2.911567942241461, -0.018143507052144882, 0.9997882988917932, -0.00970415122025026, -1.1486913511485033, -0.7322116141141124, -0.006677342641669612, 0.681044319594297, 85.24319667189752], [0.6342289570441165, 0.018132868126555467, 0.7729326161705408, -2.5927227805708424, -0.014675479744890054, 0.9998271624771119, -0.011413827895429598, -1.1606489578110248, -0.7730059125247564, -0.0041041759011236885, 0.6343853836131068, 85.44861516277966], [0.5873073696232991, 0.015614224846379091, 0.8092133523173028, -2.260852488435435, -0.008568286620126873, 0.9998778128601781, -0.013074548341885872, -1.169538204359869, -0.8093185448347571, 0.0007452070608185778, 0.5873693366639041, 85.63255637101726], [0.5404201715486922, 0.017720551604494216, 0.841208666285669, -1.9277225536686233, -0.009796214214443514, 0.9998429450826496, -0.014768864395083417, -1.1796204230327458, -0.8413381785974741, -0.00025926755886030036, 0.5405088362040205, 85.80277686474548], [0.4927544782981116, 0.020668889551670785, 0.8699228822843185, -1.5901988917413497, -0.013055884450930677, 0.999780940487176, -0.016358940056847272, -1.190924511177075, -0.8700703515030186, -0.0032966708501047846, 0.492916337116885, 85.9637756258848], [0.44699193417643435, 0.02284125417197485, 0.8942463239449526, -1.249042770381755, -0.013256454963544386, 0.9997333155102365, -0.018909369653988775, -1.2025432866298185, -0.8944396665803911, -0.0034021995843686024, 0.4471754777327955, 86.10163071694188], [0.4047358710920064, 0.020377633650989328, 0.9142065558166714, -0.8978488181476096, -0.005523198248160626, 0.9997879114754484, -0.01984001886779437, -1.2117775492977312, -0.9144168642753395, 0.0029806234526532607, 0.4047625405255478, 86.21091237678158], [0.36556919624116113, 0.012901985398819272, 0.9306947413262632, -0.531933264756723, 0.010097561125478943, 0.9997901131195124, -0.017826075501683646, -1.218043990025732, -0.9307292993813758, 0.015914410020521123, 0.3653621529753169, 86.29723368041793], [0.3302871713932393, 0.00933494195001817, 0.9438343304160124, -0.1640931001698676, 0.01470018365327067, 0.999778940302602, -0.015032469124146412, -1.2246484974994776, -0.9437659195121685, 0.01883956829629309, 0.3300768998790543, 86.38895071901959], [0.29711717237485197, 0.013471923967029132, 0.9547459835708128, 0.19606959841474103, 0.012511986727157568, 0.999759681421091, -0.018000822007342845, -1.235411894626564, -0.9547589505825285, 0.017294121159063185, 0.2968771794124482, 86.47990732610636], [0.2659452084520083, 0.021194406620124753, 0.96375512617544, 0.5623881654273724, 0.002076249053102393, 0.9997433624809213, -0.022558775791530324, -1.2531906167329465, -0.9639858139058739, 0.008000393677742877, 0.265832925517584, 86.57830665337623], [0.2374539221047104, 0.02548183834830297, 0.9710645245252658, 0.9406629956073078, -0.002433685005356048, 0.9996683473132976, -0.02563732741915074, -1.2754319168508952, -0.9713956574502592, 0.00372441888244868, 0.2374371609305772, 86.66299298709255], [0.2119671223838728, 0.027116944479932084, 0.9769005120023082, 1.329119045449379, -0.0007512529198021423, 0.9996191911464203, -0.027584566533268677, -1.2946518270466472, -0.9772764110602992, 0.005113121796506805, 0.21190675395230246, 86.72459590742987], [0.18896269393902326, 0.028519293444579437, 0.9815700434511683, 1.7564522114639731, 0.007066480205535428, 0.9995128036833316, -0.030400988973907393, -1.3110990394051754, -0.9819587426589383, 0.012680897268792332, 0.18866908215216827, 86.77410911019743], [0.1689878735854632, 0.03490601832776518, 0.9849998317083939, 2.1703856998173467, 0.014093649841770688, 0.9991849254122612, -0.037826629020205976, -1.3158692436569301, -0.9855172618161531, 0.02027448277759163, 0.16835816585630603, 86.81647284234455], [0.14944558699727647, 0.041693386652009896, 0.9878905192563214, 2.595743933191831, 0.01659115058730637, 0.9988641785539293, -0.0446663914366762, -1.321067782098873, -0.9886306462687304, 0.023065433629385096, 0.14858408740429627, 86.86523631741692], [0.13174860906504615, 0.04247956171463522, 0.9903725515410637, 3.036138114323171, 0.014147557688394078, 0.998899050464202, -0.044727324905141086, -1.340530140572552, -0.9911820993676944, 0.019904114138894213, 0.13100256536954744, 86.92151089613753], [0.11621114942392635, 0.03809777736376584, 0.9924935909664654, 3.48497448771301, 0.012228535325701218, 0.999133453002082, -0.03978449466721206, -1.3694666934015673, -0.9931491501189363, 0.016760143596009847, 0.11564455544763882, 86.96899970908467], [0.10163997992704997, 0.03494806803284576, 0.9942071952169723, 3.9548517875597966, 0.012737757758350676, 0.9992551079543741, -0.03642771958800943, -1.394041038508128, -0.9947395971231985, 0.016366481945091955, 0.10111909900668556, 87.01226865459263], [0.08837538828874837, 0.032567052648104416, 0.9955547086055225, 4.425305959134012, 0.015147959357673707, 0.9993058569803107, -0.034034446258836414, -1.415476876962734, -0.9959719532484187, 0.018088428338428598, 0.08782070998791515, 87.04503816039986], [0.07690792060128478, 0.03174570441461291, 0.9965326798454754, 4.916783492209115, 0.01915484595436191, 0.9992614645899887, -0.0333109180590394, -1.435992180644293, -0.9968540840344942, 0.021650301726735446, 0.07624302970696807, 87.06972749124952], [0.0667844331148429, 0.032456872113914834, 0.9972393849753971, 5.42228492642375, 0.022253540043111777, 0.9991737040541796, -0.0340101320520952, -1.4559364841935403, -0.9975191328554917, 0.024463452008621735, 0.0660069625346925, 87.09535112406327], [0.05889498852044647, 0.03297205127314028, 0.9977195117677193, 5.942429440048623, 0.024246589835163736, 0.9991122787231075, -0.0344493452199809, -1.4779494722249797, -0.9979695806943604, 0.02622018742120385, 0.05804324060841266, 87.12159356647612], [0.05342092073646511, 0.03324103370149919, 0.9980186565922113, 6.4841507224844275, 0.026125190653102887, 0.9990571487098335, -0.03467402522230013, -1.5009530874589325, -0.9982301740171998, 0.027925743718834783, 0.05250211918910954, 87.14558952238977], [0.047968669195717316, 0.03420606109995413, 0.9982629674387488, 7.039875081242024, 0.027396101515229473, 0.9989924069181348, -0.035547496981909565, -1.5243660917877415, -0.998472964569941, 0.029053677292522662, 0.04698321890528306, 87.1694420980332], [0.04201046282181808, 0.03480063332477289, 0.9985109097719913, 7.617854458925259, 0.027921869788488134, 0.9989619657018838, -0.03599111374413478, -1.5483712668079592, -0.9987268348649551, 0.029392292491269255, 0.040995151698008235, 87.19226563751555], [0.03766644473231009, 0.034929699587411635, 0.9986797059257586, 8.217156012168838, 0.030211759465895903, 0.9988922504357551, -0.03607660750912822, -1.5717124413246846, -0.9988334640795599, 0.03153074592826686, 0.03656942843468984, 87.21268500665637], [0.034871885279782106, 0.03487308914709209, 0.9987831692967053, 8.834512382276639, 0.0318480166561766, 0.9988446456077132, -0.0359871890520727, -1.5976024272364944, -0.9988841053217997, 0.033064201312959424, 0.03372095382711246, 87.22829957896462], [0.03189713300387703, 0.03443059536753528, 0.9988979462431429, 9.463920116980244, 0.03279282111681718, 0.9988323787069359, -0.03547548632287792, -1.6232442065202815, -0.9989529539340797, 0.033888245061418035, 0.0307308098337901, 87.24492024764183], [0.029646792526987244, 0.03376510565529564, 0.9989899825988983, 10.105827012930146, 0.035005355375777016, 0.9987811578684763, -0.034796893279736237, -1.652544951491922, -0.998947192384344, 0.03600161251266409, 0.028428695431396176, 87.25503133511113], [0.029251127721032666, 0.033447541560336636, 0.9990123289983042, 10.780349869572989, 0.03956483292284093, 0.9986180261591555, -0.03459280020148617, -1.6799087394070313, -0.9987886643162056, 0.04053763072720353, 0.027887354275394963, 87.26322880413537], [0.03027684472199247, 0.03313091779399575, 0.9989923197701803, 11.465358978598534, 0.042914003661322274, 0.9984858609253245, -0.034414732629634966, -1.7087624240914143, -0.9986197982572377, 0.04391272567224479, 0.028809218189926853, 87.28084300616636], [0.03274185613009119, 0.03306776950586025, 0.9989166599256727, 12.165226854024542, 0.044478929570993246, 0.9984141181308585, -0.03450903564573602, -1.73729087618824, -0.998473533072346, 0.04556062956761711, 0.031219109331233993, 87.30252189943177], [0.03660007805500591, 0.03289069971287474, 0.9987885843154011, 12.865329563895699, 0.046812678783278786, 0.9983046088279446, -0.03459018788642232, -1.7696216491182775, -0.9982328426021904, 0.04802196842353889, 0.03499832137525535, 87.32559559297356], [0.04091016889745799, 0.032464487969051166, 0.9986352763154758, 13.597501068371278, 0.04712604172725722, 0.9982969861920915, -0.034384059546650095, -1.7981851888257026, -0.9980507477087877, 0.048468381017719005, 0.03931057159922114, 87.35738757867209], [0.044904514302622545, 0.0308444110800784, 0.9985150008389292, 14.34387110901063, 0.04844764677004263, 0.9982799084953038, -0.03301590248733442, -1.8285913764614354, -0.9978157199303201, 0.04985826061394936, 0.04333293099358645, 87.39419191097751], [0.048730123706778976, 0.029213487744930478, 0.998384668941434, 15.091395548902941, 0.048115707047922784, 0.998343026206071, -0.03156074715501607, -1.8607561573047295, -0.9976522714184438, 0.049575938886511815, 0.0472437468576233, 87.43641002067322], [0.05272426883399832, 0.02706239605100655, 0.9982423444213817, 15.848041471238092, 0.04505236661793828, 0.9985504318995181, -0.02945028379165146, -1.8915616755574105, -0.9975922196228999, 0.046525920580737984, 0.05142861131682676, 87.4834430052816], [0.05655467551523921, 0.02601352927592368, 0.9980605517562421, 16.629630271804338, 0.04401279593404216, 0.9986237326259878, -0.028522174359749408, -1.9213074603921076, -0.9974288162327085, 0.045540493635145785, 0.05533190750454147, 87.53875689800313], [0.06048291398146212, 0.02706538779324558, 0.9978022258443353, 17.41617763340978, 0.04115385509825631, 0.9987147261059869, -0.029584726965035876, -1.950512676926107, -0.9973203990455789, 0.04285277490914715, 0.05929132592681141, 87.59623251741789], [0.06365771508066291, 0.03106928728530471, 0.9974880423836118, 18.210786961041475, 0.03903754947698262, 0.9986727584977169, -0.033597487486321874, -1.986406459672514, -0.9972078851040657, 0.04107822446454093, 0.06236035087396036, 87.6509397473053], [0.06502432698980584, 0.03632049592106349, 0.9972224719066295, 18.982150598441784, 0.0334201054646275, 0.9986975180242352, -0.038553392107126244, -2.019738283563798, -0.9973237861805075, 0.035834185453877974, 0.06372579282708572, 87.70362933720364], [0.0646909345571691, 0.039528618904254395, 0.9971221446109998, 19.775544235186047, 0.030671870847086915, 0.9986642915303187, -0.04157967244924771, -2.054310071846646, -0.9974337673824727, 0.03327342665993292, 0.0633921033214706, 87.76494248938863], [0.06482870940742147, 0.03910415438392078, 0.9971299331313266, 20.572564667957742, 0.028285747962537397, 0.998758399433915, -0.041007024061791734, -2.094324541637881, -0.9974953412755324, 0.0308629958144191, 0.06364212145249958, 87.82127377063834], [0.06479552729503746, 0.03742609476746034, 0.9971964836846409, 21.38631077870157, 0.02552331867255183, 0.9989073707533553, -0.03914875296300749, -2.136215040883601, -0.9975720028078989, 0.0279884254042623, 0.0637694853141686, 87.88056937725761], [0.0646685221877839, 0.03635344302112719, 0.9972444080658236, 22.20949454948086, 0.02661696988466244, 0.9989178347218773, -0.038140482282162456, -2.175723828416553, -0.997551662872134, 0.029010110580489256, 0.06363091532545373, 87.93912373121982], [0.06513496820735902, 0.03571650801032583