{"algorithm description": "Algorithm 1: SGBM + SIFT  + BF ", "odometry": [[1.0, 9.04368e-12, 2.326809e-11, 5.5511150000000004e-17, 9.043683e-12, 1.0, 2.39237e-10, 3.330669e-16, 2.32681e-11, 2.39237e-10, 0.9999999, -4.440892e-16], [0.9999909263690268, -0.00266287909512027, -0.0033250946664014265, -0.004220080346048454, 0.002656505483945334, 0.9999946287087612, -0.001919774007670275, -0.009039195159084851, 0.003330188647209885, 0.0019109237433886073, 0.9999925290791082, 0.6644992685266938], [0.9999714993299383, -0.0014023817592724184, -0.007418480520751611, -0.014563448830726081, 0.001378014013180641, 0.9999936423165138, -0.003288830176781554, -0.015519230393736597, 0.007423044856739404, 0.003278513823358039, 0.9999669743307402, 1.3489818924344195], [0.9999360866384664, -0.0014397491236609046, -0.011213820072153019, -0.03353334201322198, 0.0013877328298209377, 0.9999882490611788, -0.004644990543664223, -0.02141603742196624, 0.011220374845463649, 0.0046291318959306585, 0.9999262344424351, 2.0561593421741997], [0.9998697705622807, -0.00012618909671916823, -0.016137719542875965, -0.052812899065927246, 4.193405277589717e-05, 0.999986368387894, -0.00522123356364269, -0.02897804353097562, 0.016138156855224368, 0.005219876841822416, 0.9998560460281685, 2.7794917863887574], [0.9997850935605521, -0.0014199379650483774, -0.02068212924952325, -0.06888501397048741, 0.0013115679712670416, 0.9999853458703147, -0.005252412215676653, -0.040409118414084934, 0.020689282248657483, 0.005224157376152728, 0.9997722049445839, 3.505079101285702], [0.9996808045170885, 0.0003485545676839969, -0.02526197913427084, -0.09525369156304282, -0.0005126397267303049, 0.9999788138015098, -0.006489156234491791, -0.048413498946336925, 0.025259179624278517, 0.0065000350476904604, 0.9996597037937949, 4.256105372524552], [0.9995441168542217, 0.003118375304166149, -0.030030554400090358, -0.13013372557261646, -0.0033351406457771873, 0.9999687278997997, -0.007170778153649159, -0.056541594265902745, 0.030007251148271866, 0.0072676649911793505, 0.9995231592735163, 5.019109350936875], [0.9994022951507016, 0.003383114642354178, -0.03440358967938155, -0.16315706740252756, -0.0035764189486479103, 0.9999781545836813, -0.00555873932814498, -0.06531074748118175, 0.03438402887262198, 0.005678458403498502, 0.9993924622832899, 5.809515976608112], [0.9992385310593446, 0.002574719805598863, -0.03893236268564438, -0.19765929824281142, -0.002687509166316766, 0.9999923416002672, -0.002845001809296715, -0.07517409012175624, 0.03892473559628393, 0.002947466694210312, 0.9992376981473708, 6.603639731981325], [0.9991103471870044, 0.002462516883050142, -0.04210047689118363, -0.2507133354075933, -0.002479407916268045, 0.9999968653636766, -0.0003489974284818521, -0.08135464166325274, 0.04209948134479966, 0.0004530716309004553, 0.9991132210098144, 7.417263662611719], [0.9989818258417728, 0.0039824053808391515, -0.04493831422318145, -0.29382594990315536, -0.0040307874376421995, 0.9999913901723256, -0.0009860699021355048, -0.09113386278640492, 0.04493399593311601, 0.0011662030657174178, 0.998989177108492, 8.232257524440442], [0.9988758035152764, 0.0034628145090359564, -0.047277246825378885, -0.338230463203834, -0.003528008865821969, 0.9999929372550928, -0.0012956054084568792, -0.09678493694945661, 0.04727242179459143, 0.0014609437719000319, 0.9988808656596537, 9.052104195591063], [0.9987906000768147, 0.0004910995766011627, -0.04916397074487906, -0.3795658176159977, -0.00059042188299991, 0.9999978142348133, -0.0020057237086532798, -0.10228826106790856, 0.0491628734038289, 0.002032325746000175, 0.9987886070289101, 9.88322511167469], [0.9986856066039195, 0.0005684744610762278, -0.051251692644728356, -0.4282019041727695, -0.0006360191093938335, 0.9999989506559719, -0.0013016015700308685, -0.11028495075972425, 0.051250893857900555, 0.0013324881546847595, 0.998684820328262, 10.72064168994993], [0.998608853130907, -0.0007866488089707388, -0.05272323616990229, -0.4756912141890485, 0.000705454682648242, 0.9999985365503207, -0.0015585990206897205, -0.12122139866459182, 0.052724379856533055, 0.0015192372532143563, 0.9986078467981923, 11.566866542165322], [0.9985020936821444, 0.001578447889215108, -0.05469074340906992, -0.52862297646973, -0.00179733532406353, 0.9999905703725755, -0.0039533215988112255, -0.13088739667372498, 0.05468398216081078, 0.004045697572413315, 0.9984954153255778, 12.421403298276985], [0.9984221464950213, 0.002116436989975933, -0.05611361762302899, -0.5840536464841831, -0.002495780874588176, 0.9999745000345239, -0.0066910655750538305, -0.14133675789024366, 0.05609801994449757, 0.006820555143956309, 0.9984018690817063, 13.28262835494967], [0.9983001831158542, 0.006015077211845582, -0.05797036516177108, -0.6441721226598759, -0.0065136547807829286, 0.9999433747261576, -0.008415440728789716, -0.15237711613762223, 0.05791645729990791, 0.008778734567584257, 0.9982827343960374, 14.158320319112677], [0.9982366216398233, 0.006979037595445964, -0.0589486238291896, -0.7059972334856082, -0.007465404620447002, 0.9999398554981881, -0.008034495635427446, -0.16749912478666082, 0.05888899950045845, 0.008460402741121927, 0.9982285847055787, 15.0397789466989], [0.9981676286881038, 0.0062409768089725665, -0.0601866700162007, -0.7666101965597473, -0.0066504592209724, 0.9999560675980876, -0.006605623809961582, -0.1830224129857437, 0.060142794355205864, 0.006993788628348221, 0.9981651823259409, 15.92657156469302], [0.9980883416077924, 0.007002593320111963, -0.06140542348523793, -0.8307953305256295, -0.007334994770239073, 0.9999596327663469, -0.005189478732323061, -0.19593204989301904, 0.06136659881533184, 0.005629966597665452, 0.9980993157125981, 16.82091916381944], [0.9980346551837358, 0.006576591797007559, -0.06231833993792262, -0.8928330898801511, -0.00691199589003623, 0.9999627570683838, -0.005168054664211946, -0.20985300788353745, 0.06228202464927318, 0.005588641684190154, 0.9980428430131256, 17.721549933538913], [0.9979243496901095, 0.00793550012994986, -0.06390633875650346, -0.8984554628632409, -0.008296346334735735, 0.9999510952585982, -0.005383096564570056, -0.2439629286006604, 0.06386048952646539, 0.0059021121464350275, 0.9979412823155783, 18.44294447716158], [0.9978648427115708, 0.0063067445954140995, -0.06500754304557027, -0.9573205895856384, -0.0067167170748705495, 0.9999588984736518, -0.00608991585297677, -0.25820572015373744, 0.06496645713901139, 0.006513550026519554, 0.9978660897699985, 19.350841628435475], [0.9978316964401774, 0.006452051593502762, -0.06550020312605159, -1.0219719430309961, -0.0067516212458526665, 0.9999677319223129, -0.00435324300916567, -0.2722028153374074, 0.06546999570811904, 0.004786036420040628, 0.9978429603486586, 20.269677235179614], [0.9978256800352748, 0.00829102664258406, -0.06538479287537001, -1.0879440683376003, -0.008367815880356193, 0.9999645836194764, -0.0009006465004253668, -0.28717513049793564, 0.06537500340346483, 0.0014458164491757478, 0.9978596186562525, 21.186095564665735], [0.997869504418173, 0.009591700290919969, -0.06453256106618578, -1.1521301560681745, -0.009429002228306045, 0.9999515547136417, 0.0028252686153384813, -0.2987850765889935, 0.06455652748385739, -0.0022107710309704908, 0.9979115027148868, 22.11471040747473], [0.9979730245651486, 0.008718937377221899, -0.06303826116973175, -1.211763900263661, -0.008377982398398511, 0.9999488232089595, 0.005671011721791448, -0.30719063478706393, 0.06308447400386541, -0.005131382285841553, 0.9979948988123641, 23.048749807327756], [0.9980643169911864, 0.009507747075656032, -0.06145910749810782, -1.2708463692117549, -0.009137531413180333, 0.9999383930581236, 0.006302032054041208, -0.31616168534261346, 0.061515233207827154, -0.005728247740571563, 0.9980896068295761, 23.980813086674384], [0.9981361562535431, 0.00994080324324722, -0.060211244882360834, -1.328210644255523, -0.009750361268249755, 0.9999464922221052, 0.0034558859711355736, -0.3247324107766926, 0.06024237141245961, -0.002862362584518601, 0.9981795748095864, 24.915382418317034], [0.9981867986235946, 0.01128985815911199, -0.05912405733987208, -1.3891090219006696, -0.01138304312400918, 0.9999344428126479, -0.0012395185338800589, -0.3372221557832085, 0.059106181474921665, 0.0019102830194740357, 0.9982497734185808, 25.837204938088142], [0.9982672224172146, 0.010532636686580436, -0.057893144774228036, -1.4484489978288477, -0.010792100039568575, 0.9999330647331738, -0.004170926762477429, -0.34828323827219526, 0.05784533308165772, 0.004788488084175767, 0.9983139725670219, 26.781160485532908], [0.99823613540936, 0.008209074244284352, -0.05879820629100374, -1.4387738817217255, -0.008401245247138119, 0.9999601429462892, -0.0030218532614100964, -0.38355062074828805, 0.058771050315288106, 0.003510501400373346, 0.9982652152733587, 27.962180964932863], [0.9982377535995383, 0.006588427501434724, -0.05897440047687658, -1.4878946396327273, -0.00646745448920139, 0.999976572638955, 0.002241920087372744, -0.40294136131078306, 0.05898778373484471, -0.0018565543562318186, 0.9982568780509268, 28.908850545529162], [0.9982155887232009, 0.002915991411679901, -0.05964172552904145, -1.5458984011906403, -0.0025832899646008878, 0.999980675430277, 0.005654677618140096, -0.41350913445140935, 0.05965705604923938, -0.005490514448949174, 0.9982037316673552, 29.879194504746614], [0.998153302890004, -0.004556898468869366, -0.06057407536331937, -1.5984342281080814, 0.0048661465342710025, 0.999975865414377, 0.004958750515418168, -0.4203849538178238, 0.06055001090425672, -0.005244354529382305, 0.9981512875937567, 30.844734057908862], [0.998063282012963, -0.006532070459879575, -0.06186288995044185, -1.660703343108008, 0.006608920472570547, 0.9999776224000724, 0.0010377231254521749, -0.42667499486166105, 0.061854720991002456, -0.001444559645680264, 0.998084017875532, 31.822238786726427], [0.9979789387801845, -0.00632571502483649, -0.06322992235169757, -1.7258258682461922, 0.006157908501361, 0.9999769830197721, -0.0028484370385712197, -0.4366460777081672, 0.06324647911553721, 0.00245331632938236, 0.9979948216892139, 32.793096905315004], [0.9978569969669069, -0.004699686919028923, -0.06526351620200964, -1.7930719803913824, 0.00447544469230684, 0.9999835706878594, -0.0035817243283780536, -0.4500935987955348, 0.0652792704709544, 0.00328196557514175, 0.997861536260795, 33.7667891442042], [0.9978184927490957, -0.004486962826725547, -0.06586442660886303, -1.8657236258678527, 0.004351268084014502, 0.9999881054076862, -0.0022035220004681198, -0.46336781652128295, 0.06587352376082815, 0.0019121215109186782, 0.9978260482963298, 34.757121421657075], [0.9977635308538746, -0.0009388941460722474, -0.06683603052090842, -1.943584974364204, 0.000977047134530128, 0.999999377881641, 0.0005381591100295919, -0.4781819138839624, 0.06683547702989993, -0.0006022569472325967, 0.9977637276914639, 35.74394444992722], [0.9976757951145455, -0.0007084184764895746, -0.06813593755002831, -2.015328384190953, 0.0008353278829233985, 0.9999979691170638, 0.0018341180646876088, -0.4918304917973756, 0.06813449308416802, -0.001886770379868891, 0.9976742609437751, 36.738467388010164], [0.9975968801888924, 0.0009755733528509595, -0.06927851682896873, -2.0851558033589823, -0.0006729692065879139, 0.999990132448429, 0.004391140879053485, -0.503370419239707, 0.06928211021755197, -0.004333965220998647, 0.997587593121164, 37.72119642353534], [0.9976135111430036, 0.0012788201649113896, -0.06903366572849703, -2.1600442503309063, -0.0007662275556039255, 0.9999719456844399, 0.007451224020784318, -0.5161082048906025, 0.06904125095371814, -0.007380545044167745, 0.9975864038877073, 38.71717421187786], [0.9975498642041896, 0.007586151945528051, -0.06954652201844572, -2.237621937432883, -0.006922467771110097, 0.9999282219944042, 0.009779074550625357, -0.5259470063071061, 0.06961570873476511, -0.009273679526592958, 0.9975306772051702, 39.69640439730288], [0.9975483668428098, 0.00786270354655362, -0.06953728282138597, -2.313480334771507, -0.007237984280159286, 0.9999311944950163, 0.009231351977329553, -0.5343341280559735, 0.06960507473990858, -0.008705408979442303, 0.997536540395871, 40.685359597308725], [0.9975640829879734, 0.008249613138964875, -0.0692664725204068, -2.3890020235764853, -0.007749947508231797, 0.9999419974440036, 0.007479308879524755, -0.5392006241354277, 0.06932414940305766, -0.006924277206415652, 0.997570056033521, 41.67090823183858], [0.997544469818351, 0.0103437025628988, -0.06926787532553805, -2.465253925271886, -0.010002084290910018, 0.9999360544572861, 0.005276865189890883, -0.5447285991687237, 0.06931802138747974, -0.004571083624461373, 0.9975840401216503, 42.65675521346921], [0.9974836526878964, 0.010179494778167207, -0.07016224416645021, -2.5399889279584467, -0.009829679709594911, 0.9999374861822717, 0.005329270520948067, -0.5535991397911455, 0.07021210035865144, -0.004626186895998272, 0.9975212575970706, 43.64375145543162], [0.9974084189369177, 0.00812968166718948, -0.07148674079679253, -2.610071302839207, -0.007695831825727597, 0.9999502735026298, 0.006342294105888266, -0.5573675528337, 0.07153473973294344, -0.00577570654524638, 0.9974212862302743, 44.62860673243523], [0.9973634221663659, 0.008476367085547422, -0.07207187610730117, -2.692063878386972, -0.007980462562737387, 0.9999424795724864, 0.007165874943927558, -0.5609506088090999, 0.07212846391843751, -0.006571813511769055, 0.9973735989888365, 45.61314840479524], [0.9973267396702752, 0.011028513036844979, -0.07223396873255199, -2.7718746708084367, -0.010797496590114747, 0.9999352684850494, 0.003587883375764101, -0.5714733836866575, 0.07226885475126855, -0.002798345239597167, 0.9973811617916549, 46.580137088772304], [0.9972586664504871, 0.0118725122702281, -0.07303557791781734, -2.849330867138788, -0.01195792833834604, 0.9999282332328112, -0.0007323481160511136, -0.5797607972920791, 0.0730216343170294, 0.0016036950311040887, 0.9973289673342134, 47.53736830199721], [0.9972144132355326, 0.012630280663328448, -0.07351115592669115, -2.927443063804541, -0.012812074695717659, 0.9999159179007877, -0.002001966687034798, -0.5894134444201671, 0.07347968224555673, 0.0029382206410290953, 0.9972922857199727, 48.496558327187614], [0.9972308806210652, 0.011402752905063053, -0.07348842059753961, -3.0025561783449106, -0.01132254362814909, 0.9999347608779129, 0.0015079767304308688, -0.6019170739328731, 0.07350081405444751, -0.0006717245683184999, 0.9972948305889532, 49.46531106164914], [0.9972411581772265, 0.009809747381787528, -0.07357881008584981, -3.0775841093988268, -0.009502284034408143, 0.9999446021979462, 0.004527596859281077, -0.6147798486476673, 0.07361914124287568, -0.003815938322861797, 0.9972790284857035, 50.43506088399053], [0.9972428719358487, 0.008069445208435541, -0.0737667840370472, -3.149038750154804, -0.007715040442831193, 0.9999572938715137, 0.0050880825587510435, -0.6255166290954808, 0.07380468440896107, -0.004504939412029262, 0.9972624399225103, 51.38663923169381], [0.9972485815655554, 0.0049825386178276075, -0.07396242880280178, -3.2198916089584966, -0.0047095341459546, 0.9999814405932173, 0.003865068853452586, -0.6363223960919895, 0.07398030660494512, -0.003506105018486899, 0.9972534389322748, 52.341658735324415], [0.9972284492796155, 0.0026459773647370594, -0.07435333718911598, -3.29132426711617, -0.0024668875749328783, 0.9999938312988464, 0.002500365962535287, -0.6475618841842704, 0.07435948704661687, -0.002310014038188528, 0.9972287252788689, 53.293199794899564], [0.997153626226109, 0.0015264281370088414, -0.07538113637551226, -3.3640814476919867, -0.0012527332385262112, 0.9999924515916607, 0.003677963992835511, -0.6590713193846224, 0.07538617402282548, -0.003573061841642047, 0.997147911794076, 54.23413379849145], [0.9970772205028664, -0.0011340711185550147, -0.07639195138871802, -3.4368300572596175, 0.0017272816710272735, 0.9999688648452398, 0.0076997297453204605, -0.6684561135096154, 0.07638083328150674, -0.0078091742912114485, 0.9970480355048711, 55.179582901839105], [0.9970425369541353, -0.0016180730998861348, -0.0768346363530488, -3.5113728464544045, 0.002582264851985555, 0.9999191461407316, 0.012451228430319492, -0.6731947443087561, 0.07680826934519688, -0.012612810023589802, 0.9969660008162341, 56.12449655159894], [0.9970092530231089, 0.000702692902370855, -0.0772790761395812, -3.5939837113708597, 0.00041861122155637215, 0.9998948884657959, 0.014492645880529429, -0.67789337505452, 0.07728112941520664, -0.014481650005517245, 0.9969040620086963, 57.06587351876403], [0.9968975621914238, 0.0022961757702738552, -0.07867641370593786, -3.6744445529514356, -0.0014876751377719186, 0.9999455028679615, 0.01033334973875812, -0.6844241438393627, 0.07869584543042235, -0.010184244722260802, 0.9968465504135724, 57.993436175515036], [0.9967837038092886, 0.004356237560411458, -0.08002044122943398, -3.7538337782051885, -0.00417721505886296, 0.9999883846228723, 0.0024044736825291984, -0.6927836901272596, 0.0800299782617892, -0.0020624769059442638, 0.9967902230501866, 58.899224098797895], [0.996703276262155, 0.006775384896805382, -0.08084969540935938, -3.832760495283551, -0.006999343739383954, 0.9999724116997045, -0.002486971389887254, -0.7060641472237495, 0.08083060667526203, 0.0030446675159746216, 0.9967231024834515, 59.800240200624344], [0.9965707047723831, 0.012574643331065588, -0.08178452625388175, -3.917045047255197, -0.012758520851888782, 0.9999171169536392, -0.001726084816457041, -0.7231337864127695, 0.08175603466694217, 0.002763615348263279, 0.9966484401361171, 60.69527131920891], [0.9964440200822275, 0.015963309284172607, -0.0827314184519207, -3.9970703674042807, -0.015966426807367026, 0.9998723337975384, 0.0006239561425954111, -0.7453931229309402, 0.0827308086164362, 0.0006991881795362793, 0.9965715852067882, 61.56988981108537], [0.9963198586020993, 0.01888279801767967, -0.08360729211089168, -4.0808074173517594, -0.01876373910997181, 0.9998215038735222, 0.002209634969999974, -0.7630786254659292, 0.08363408429791355, -0.0006327172414737736, 0.9964962316098102, 62.45266710737145], [0.9962017318476366, 0.020051418871464617, -0.08473517607823917, -4.160324221076756, -0.019958646521388148, 0.9997989204768737, 0.0019419171742666086, -0.7767335479623279, 0.08475706732521834, -0.00024334132119101506, 0.9964015156167921, 63.31325908163816], [0.9960191151162168, 0.022076421523590784, -0.0863629199125485, -4.240574762462841, -0.021918979244838765, 0.9997559101988809, 0.0027709874181136283, -0.7906250569176531, 0.08640300448644371, -0.0008669688210196049, 0.9962597900049915, 64.16117165496695], [0.9958825767256381, 0.02332247010515318, -0.08760111735872841, -4.31790905245449, -0.023105402884293122, 0.9997269386412658, 0.0034912050236025442, -0.8093337204029112, 0.08765861167281687, -0.001452770520389547, 0.9961494151267772, 64.98494835204873], [0.9957384967052786, 0.023787921844571132, -0.08910095932944971, -4.389175152204234, -0.023522619739395442, 0.9997151960961682, 0.00402654380270229, -0.8259544553443342, 0.08917135725562618, -0.0019134960175045865, 0.9960143611304967, 65.79616701731847], [0.9956177442291019, 0.024118744266626413, -0.09035260677565253, -4.461244257490066, -0.023749397442259325, 0.9997046221161571, 0.0051608759644508565, -0.839991961858355, 0.09045038345137131, -0.0029924389390148004, 0.9958963668187102, 66.58681705242898], [0.9954204813504276, 0.026979724640400823, -0.09170692321962967, -4.539053717433055, -0.026364044254966027, 0.9996210446301877, 0.00791860486283528, -0.8495548919710694, 0.09188580301248934, -0.005464575055932658, 0.9957544564922716, 67.37331723008346], [0.9952727714302987, 0.028324161914120422, -0.09289699834394556, -4.61890464532657, -0.027314722001239685, 0.9995534058225471, 0.012120019411718, -0.8564540852397682, 0.0931987911909688, -0.009525268193069954, 0.9956018554554844, 68.15766756946793], [0.9950186803983566, 0.031585261039526795, -0.09455261468292699, -4.698881060261088, -0.030407814578494455, 0.9994413631435992, 0.013868181215394557, -0.8630373065759303, 0.09493781476930033, -0.010923959425204468, 0.995423165511692, 68.92701691530061], [0.9947926927688842, 0.03444779626413906, -0.09592104954688883, -4.7835613917734605, -0.03367003717916643, 0.9993857792033424, 0.009715602013301487, -0.8702101497847041, 0.09619680433265983, -0.006435343460857177, 0.9953414294556093, 69.67900035282392], [0.9946476274394566, 0.03448770153266922, -0.09739966977384144, -4.863085775346235, -0.03441290018113664, 0.9994047019264437, 0.0024482786684317057, -0.8797879454652954, 0.09742611372925485, 0.0009166309328674454, 0.9952422379257013, 70.40659082539372], [0.994505049064348, 0.03363920105983605, -0.09913683239631252, -4.934645753289539, -0.034142144876090234, 0.9994112695484161, -0.0033805684258774466, -0.8881119518438843, 0.09896473803670221, 0.006746736267558084, 0.9950679686207742, 71.11380046821722], [0.9944193450848009, 0.03456087148552105, -0.09967804313527028, -5.011502864271161, -0.035202027766663584, 0.999369257954262, -0.00468011720594449, -0.8936804180488362, 0.09945341315722712, 0.008162867992523377, 0.9950086362426839, 71.81014987881436], [0.9942289778639893, 0.03730710972844602, -0.10058289685248024, -5.083114569476536, -0.03759412836549548, 0.9992926307967617, -0.0009589305106294516, -0.9100086992873834, 0.10047596266377486, 0.0047347228434703875, 0.9949281196781977, 72.47673523098008], [0.9940751358784667, 0.037593741017857354, -0.10198693477348186, -5.154461423529253, -0.037644972884214686, 0.9992901636566561, 0.0014229671812237086, -0.9279775020828331, 0.10196802523176607, 0.0024247593374740113, 0.9947846210977027, 73.13302292901005], [0.9940688313029555, 0.03448385374898848, -0.10314078951896218, -5.221110481795298, -0.034862985162701865, 0.9993903427058011, -0.0018748791762242534, -0.9409005106149856, 0.1030132456532462, 0.005459554700043734, 0.9946649005984235, 73.76616283143262], [0.9942834800661754, 0.026420773518949406, -0.10345194050454755, -5.274221106134258, -0.027298146433523594, 0.9996023050355756, -0.007074105516371824, -0.9544947559997183, 0.10322388455987103, 0.009857711965640547, 0.9946091972082218, 74.38215051834268], [0.994470338679227, 0.02246382869132125, -0.10258714289691, -5.333110755839683, -0.02380035194847653, 0.9996468220485235, -0.011822623034455094, -0.96934682606106, 0.10228531980776383, 0.014198857098950834, 0.9946536612353656, 74.98086499033906], [0.994705684294424, 0.02494888337628229, -0.09969029466622754, -5.395084397347656, -0.026285670999792836, 0.9995810174706866, -0.01211829246866455, -0.98235948109986, 0.09934617840799394, 0.014674559701969968, 0.9949446186262283, 75.57113729752119], [0.994969195035382, 0.029872477391088816, -0.09562393019095075, -5.460161077243628, -0.030889383754114746, 0.9994807294850717, -0.009171551628707064, -0.9964772328115419, 0.09530028903630383, 0.012079174888682858, 0.9953751797405921, 76.1457315163456], [0.9954297235260984, 0.028309164521824907, -0.09120447754815857, -5.507106876577929, -0.028996079134832577, 0.999560203262176, -0.006215098493356802, -1.0092123593167612, 0.09098841280429769, 0.008831265619821123, 0.9958126919671779, 76.71034809794851], [0.9960266201807667, 0.024752057091849345, -0.08554710726261446, -5.547944701173694, -0.02501598746554478, 0.9996850216139732, -0.002014430885355765, -1.0243675861095736, 0.08547029195190949, 0.004146472214151437, 0.9963319908353057, 77.2614756798676], [0.9967828587114096, 0.02037842052834465, -0.07751549881076016, -5.577637772856223, -0.02033164938278422, 0.9997923207721567, 0.0013926084871243025, -1.0407320677258414, 0.07752777189708362, 0.00018789013522409404, 0.9969900748161848, 77.79180576468667], [0.9974668004873647, 0.02396460862608223, -0.06697521525832827, -5.610911522975431, -0.023954205030793006, 0.9997125973533484, 0.0009585167515874231, -1.0492632926175263, 0.06697893022007949, 0.0006482498154864327, 0.9977540792593941, 78.31128061391364], [0.9982282130293016, 0.029129870991272136, -0.05188338200579984, -5.642186067324362, -0.029165564385536677, 0.9995745920476251, 6.918739120874258e-05, -1.056901761646719, 0.05186332066844483, 0.0014441436477504012, 0.9986530480694372, 78.81921584769488], [0.9988410345222488, 0.034089804644441, -0.03397753631192558, -5.6568056027597455, -0.03409933786566086, 0.9994184037427738, 0.000299027369411128, -1.0637709416501098, 0.03396796552195311, 0.0008599310773186688, 0.9994224521376595, 79.31583226944768], [0.999402615342714, 0.03239269887706487, -0.012046804788141864, -5.6470809960579285, -0.03239076138105979, 0.9994752182385341, 0.00035595531799371977, -1.0696205748617804, 0.012052012023943506, 3.44629798325055e-05, 0.9999272712645095, 79.79970092403451], [0.9994828578462224, 0.028897229784901814, 0.014105565650034, -5.619202893618468, -0.02891218815573253, 0.9995815873713844, 0.000857650365750674, -1.0803492388575648, -0.014074878543371675, -0.0012650290005890563, 0.999900043752188, 80.27019210692721], [0.9986526540734408, 0.027906131193504352, 0.04375070689582459, -5.580819824509751, -0.02801677026824889, 0.9996056139160227, 0.0019176056180262777, -1.090636780532565, -0.04367993487084457, -0.003140774650420831, 0.9990405391295614, 80.7279324744571], [0.9966497155924136, 0.02756571041346116, 0.07700309097018904, -5.527718641133799, -0.02787413334921464, 0.9996071373147011, 0.0029332097669777855, -1.1029538233587726, -0.0768919755958342, -0.00506977611948994, 0.9970264396991075, 81.17860929824069], [0.9930223416144792, 0.027630015588613527, 0.11464384542168345, -5.453918898867754, -0.028126890417577703, 0.9996006644142231, 0.002718407268916506, -1.1102258744731248, -0.11452294293425104, -0.005924012956896994, 0.9934028395430401, 81.62544948266586], [0.9873206534894935, 0.02787166561890786, 0.15627251021439637, -5.357985096925375, -0.02854568547942759, 0.9995903453909112, 0.0020700825556170233, -1.1186715744576956, -0.15615078016415218, -0.006504740057201065, 0.9877117100707702, 82.063597535913], [0.9791085994655547, 0.02750689720057925, 0.20146890841764598, -5.244133056645806, -0.028402449812022865, 0.9995953592963137, 0.0015551584959130824, -1.1321526145648877, -0.20134458814546036, -0.007244878412847642, 0.9794935776008582, 82.48466450673304], [0.9677018105664336, 0.029310131863480946, 0.25038794299365336, -5.108627072497841, -0.030019020863626834, 0.999548839095027, -0.0009882561262951307, -1.149171748076759, -0.2503039185990105, -0.006560062506379863, 0.9681449859984315, 82.89095171325755], [0.9523412766957219, 0.030029793181443217, 0.30355280302287324, -4.951362025335594, -0.030077337648324508, 0.9995373553860728, -0.004519839355810621, -1.1637090677707715, -0.30354806540984397, -0.004825629605829297, 0.9528038020940403, 83.2834763000406], [0.9326169735144016, 0.030329165012822977, 0.3595910489187179, -4.773401025183765, -0.029572883287612546, 0.9995336921811255, -0.007605443367920145, -1.174327522442934, -0.35965399955325716, -0.003541177711138833, 0.9330789144899665, 83.65805159248943], [0.90831083467673, 0.031175259187012305, 0.4171325099096041, -4.574989675540691, -0.029481326918176315, 0.9995101331764819, -0.010504524771415927, -1.1833900581783972, -0.4172556100606456, -0.0027562454745226803, 0.9087848804771199, 84.01258605734735], [0.8791838804156681, 0.031625306554440166, 0.4754319555967888, -4.356958333378939, -0.028519802171560606, 0.9994987081029105, -0.013746031598466536, -1.190659530803616, -0.47562830028293684, -0.0014739352915033688, 0.8796450121979498, 84.34611396525311], [0.845602832608437, 0.030116481220215333, 0.5329623317303964, -4.116151436465171, -0.024989101705115112, 0.9995459755134652, -0.016834121028573103, -1.2032251026990295, -0.533227284921078, 0.0009167309016132947, 0.8459714074483604, 84.65951729422835], [0.8086586502431515, 0.02953675223311575, 0.5875361841235356, -3.858381338673599, -0.02283921957587304, 0.9995620808856549, -0.018815326324638705, -1.220479678624919, -0.5878345756198073, 0.0017963087716064987, 0.8089790386534674, 84.94934429678143], [0.7686120942019788, 0.028181373013685455, 0.6390940923381419, -3.582733271853944, -0.021085771508191187, 0.9996024101217114, -0.01871929268879317, -1.2358832830421436, -0.6393674664031371, 0.0009120831406227333, 0.7689006509358594, 85.22006183770121], [0.7256536012381922, 0.027835457145063754, 0.6874969369644996, -3.2917265893449277, -0.021693952136891886, 0.9996101813505734, -0.017574350086253847, -1.2480403012711832, -0.6877180591105236, -0.002161634519510856, 0.7259745164325456, 85.47454364310693], [0.6803224219797214, 0.027075547716183385, 0.7324126684236939, -2.9853440824067263, -0.01998700030743616, 0.9996311237759145, -0.018388480013611527, -1.2572051524523626, -0.7326403036859961, -0.0021286362771478448, 0.6806125581580912, 85.70596292922949], [0.6334873639323068, 0.02594723682617135, 0.7733178522698055, -2.6662890784285698, -0.015893341589046893, 0.9996630616268289, -0.02052230279492037, -1.2695327107377605, -0.7735897114807018, 0.0007100151248609713, 0.6336862426861869, 85.91494241625041], [0.5866578617265963, 0.023371686042419737, 0.8094975710685693, -2.33384011056208, -0.00935011549501849, 0.9997123211153914, -0.022087334612942842, -1.2838086160288738, -0.8097808329594005, 0.005388812653383118, 0.5867075619674389, 86.09710780125468], [0.5395110798426457, 0.02551897580132393, 0.841591692331308, -1.9994855277587895, -0.01017701148788095, 0.9996652226070583, -0.02378804630805266, -1.2977606186829822, -0.8419169088247876, 0.004269026282641788, 0.5395901167085275, 86.27107330382105], [0.4918729015907536, 0.02851342612364505, 0.8701999960993942, -1.6601282932216241, -0.01286401680571335, 0.9995925119961772, -0.02548189617733943, -1.3110307450360914, -0.870571889130268, 0.001339587182274808, 0.4920392173011698, 86.42922653488358], [0.44608029312492603, 0.030738754379274168, 0.8944649244463374, -1.313596035971865, -0.012673041370075919, 0.9995267708469961, -0.028029063177472655, -1.3259641701499592, -0.8949031265512271, 0.001167622089549248, 0.4462587038338911, 86.5684570546846], [0.4036662003640478, 0.028264000773696403, 0.9144696522815388, -0.9568640315025668, -0.004625525572858847, 0.9995729768396494, -0.02885252996003056, -1.339339684043833, -0.9148945489836547, 0.007416888115519508, 0.40362452107210633, 86.68171265167774], [0.3643998977330643, 0.020783610959888794, 0.9310106100617769, -0.5934271392822932, 0.010969895037313488, 0.9995857492201227, -0.026608107014858124, -1.3518172151263992, -0.9311778575950594, 0.019909078634422164, 0.3640209143890142, 86.76578262359648], [0.3289508330936111, 0.01734987650438211, 0.9441876567676066, -0.22665300589809467, 0.015759100511691514, 0.9995911315502629, -0.02385834187711338, -1.361298813149048, -0.9442154530648876, 0.022727767827916207, 0.32854288420697797, 86.85643572646472], [0.2955206334432312, 0.02146378058070275, 0.955095210611223, 0.1381240736072067, 0.013750673963726461, 0.9995484468047172, -0.026717437298856107, -1.3761954953547695, -0.9552372959848632, 0.021028755216350017, 0.2950920192305917, 86.95088724050387], [0.2639708419572348, 0.029206271970365155, 0.9640883716101876, 0.5079644534197156, 0.0032938278957722173, 0.9995083223441823, -0.031181152360174165, -1.397754837295943, -0.9645249396494509, 0.011406455553063058, 0.2637448266145699, 87.0531977841715], [0.23536642823847778, 0.033508114125905576, 0.9713289096624212, 0.8862525529391462, -0.0009342345251170742, 0.9994128410426588, -0.03425055276766546, -1.4230145082040306, -0.971906159422472, 0.007153981031821774, 0.23525951167182851, 87.13493768703978], [0.20958011088162298, 0.035166156040373035, 0.9771589014035497, 1.2786348130123122, 0.0006196755332056195, 0.9993480767337999, -0.036097611149297444, -1.4463853289232347, -0.9777911852181342, 0.008170862473197147, 0.2094216682107439, 87.19837595480024], [0.18625555554988635, 0.03652911210497992, 0.9818220266400762, 1.6837091791282863, 0.008389681781115486, 0.9992130293684963, -0.038767707951873974, -1.465071881944102, -0.982465413230342, 0.015457874285181547, 0.18580249171829652, 87.24799136391876], [0.16650264920855315, 0.04299170050932046, 0.9851033354394108, 2.1084386648948135, 0.015061305040992923, 0.9988216162176451, -0.04613606037397883, -1.476333933711779, -0.9859258747277118, 0.022518716336304343, 0.1656589175292793, 87.28772932218924], [0.14682736137757962, 0.04969889781870515, 0.98791282282725, 2.5332641020693334, 0.01725693535441446, 0.9984562991146178, -0.052794099485764946, -1.487004275418113, -0.9890114905674964, 0.024799964043178357, 0.1457430386293873, 87.33504195719016], [0.1292087306657011, 0.05044992008430376, 0.9903332315353492, 2.9718874006034444, 0.014918199421178538, 0.9984930357561173, -0.052811976601538545, -1.5103504679218838, -0.9915050956012684, 0.02159775542242054, 0.1282613829546677, 87.38618101092017], [0.11333680826352181, 0.04597144379722146, 0.9924925159656562, 3.429047445613293, 0.013016883909775767, 0.998774552013857, -0.047748874152138576, -1.543924278397225, -0.9934712533365326, 0.01833086350316619, 0.11259950371639478, 87.43690235265795], [0.09870183371354833, 0.04267730984808201, 0.9942014862419566, 3.897553447632384, 0.013330469196293935, 0.9989335902046029, -0.04420385675421556, -1.5755380712989722, -0.995027662215863, 0.01761617272444205, 0.09802765876929093, 87.47706711346413], [0.0852390447079277, 0.04029762505939028, 0.9955452810755793, 4.344055575874679, 0.014824379434620973, 0.999019879130384, -0.04170753980624712, -1.6005446709949347, -0.996250141534128, 0.018313450489747824, 0.08455810442767027, 87.49474629620177], [0.07351423142597667, 0.03959058249614167, 0.9965080248324474, 4.840986916199627, 0.01873681537320827, 0.9989805301162923, -0.04107106278440101, -1.6233959408660679, -0.9971180424874285, 0.021690692804407965, 0.07269747720323959, 87.52220219277895], [0.06325861342758161, 0.04033972178516036, 0.9971815555221211, 5.352562533253633, 0.02208156493013429, 0.9988815683980371, -0.041809290892244805, -1.6472240127600029, -0.9977527515313652, 0.02466412504903081, 0.062297092606055544, 87.54669491500105], [0.05529349746482104, 0.040870230525785624, 0.9976333261248235, 5.879001476442055, 0.024146444480549277, 0.9988149476532678, -0.0422569469241019, -1.67308174448753, -0.9981780297406863, 0.026425829946062927, 0.054241095625690065, 87.57066120082305], [0.05030419508331799, 0.042732975917716826, 0.9978193126644908, 6.455009106694092, 0.027411450318115683, 0.9986487633610456, -0.04415042274894312, -1.6292541750711702, -0.9983576017510241, 0.02957262351708588, 0.0490648444843393, 87.57768901649442], [0.04468248307437792, 0.04381501362168028, 0.9980399392246994, 7.016097216034112, 0.028722542099787973, 0.9985683895647065, -0.04512412810761995, -1.656848963647878, -0.9985881492459211, 0.030682499673643383, 0.04336003228083271, 87.59910122986089], [0.03846453750741825, 0.04423362115578276, 0.9982804546387698, 7.56996462765757, 0.02644630708550865, 0.9986247605503308, -0.04526787445122896, -1.7066362400383421, -0.9989098420792826, 0.028142036981218574, 0.037241819930048985, 87.60811739783175], [0.034178212851400915, 0.044367421982101696, 0.9984304590871356, 8.172791786904465, 0.028886045387142022, 0.9985529097534352, -0.04536168873442118, -1.7355083913279423, -0.9989981213785849, 0.03039108645069705, 0.03284715126789627, 87.62395653376699], [0.030983642578160518, 0.04445682215369874, 0.9985307230409013, 8.780183088269379, 0.030246364507485548, 0.9985111413315513, -0.045394471809264744, -1.7675235237008646, -0.9990620459560468, 0.03160840762956985, 0.02959285213108471, 87.6434790678525], [0.028830813721334846, 0.04347514297867708, 0.9986384211130428, 9.362116571065714, 0.02963301273628906, 0.998577444782773, -0.044327997104286, -1.816990337337561, -0.9991448688990158, 0.030870674671692314, 0.02750149810637227, 87.60897894897153], [0.028301087741162523, 0.04106375926671483, 0.9987556338301947, 10.038884936533837, 0.03417998306312923, 0.9985318164278373, -0.04202309292671058, -1.909836528253824, -0.9990148034684243, 0.035326746835601885, 0.026855975293595173, 87.56864036483263], [0.028260847555681805, 0.039018942997832734, 0.9988387490394873, 10.409219484840383, 0.037900382346553095, 0.9984775315977427, -0.04007717445707269, -1.9727251440149127, -0.9988817176831485, 0.03898898198960555, 0.02673898580328818, 87.49510036455509], [0.029404236966055573, 0.03882062892464977, 0.998813470883498, 11.097983491913068, 0.04159700823374352, 0.9983323931544766, -0.04002651226944395, -2.0045012209663726, -0.9987015971905712, 0.04272459743103241, 0.027740377491476852, 87.50841312168579], [0.031948703451702476, 0.03881527164928688, 0.9987355280726469, 11.803280157947759, 0.04361696639839287, 0.9982395616185252, -0.040191265989694754, -2.0375609220606417, -0.9985372507473133, 0.04484586880212935, 0.030199452335937366, 87.52606910429657], [0.035868427386910505, 0.0387834616599752, 0.9986036746469846, 12.517515554087083, 0.046041863731616714, 0.9981214816959717, -0.040418492811525035, -2.0719791913787207, -0.9982952485787671, 0.04742731782113413, 0.03401538165833176, 87.54968507680813], [0.04054551216477044, 0.038318761390586376, 0.9984426543216136, 13.248541492370448, 0.04649842211997796, 0.9981093737352795, -0.04019421354024375, -2.1051461162137333, -0.9980950650598158, 0.048055698651068866, 0.03868708997082316, 87.5710643914077], [0.044581412827353395, 0.03663470171750546, 0.9983338100356954, 13.99603269975894, 0.047877109955448964, 0.9981007582911883, -0.03876414117282793, -2.1410983981470713, -0.9978577457627941, 0.049525493302564894, 0.04274277405999276, 87.60525392288585], [0.0485386906194572, 0.035019732862211245, 0.9982071998454077, 14.754861496336162, 0.047588112260594805, 0.9981691553205055, -0.03733241136358082, -2.176635690449458, -0.9976869087838636, 0.04931485819857347, 0.04678329618746382, 87.64352992871522], [0.05258709240867724, 0.03293047857460599, 0.9980732344336515, 15.528580545136668, 0.044404343780434, 0.998390473278617, -0.03528054874752191, -2.211365210733032, -0.9976285144610093, 0.04617408435888346, 0.05104019071231048, 87.69254447076489], [0.05673435191924262, 0.03192244025673648, 0.9978788358915929, 16.320695259428206, 0.04366811041243346, 0.9984528607899243, -0.034423551725838775, -2.244464469736922, -0.9974337624241529, 0.04552847700823942, 0.05525257783777276, 87.74454863736888], [0.060555410398400004, 0.03307193417840124, 0.9976168049111757, 17.113579866656018, 0.0407087510730114, 0.9985375931220806, -0.03557348321482779, -2.278809337269412, -0.9973342673737904, 0.04276589725547936, 0.05912053073111699, 87.80545549214503], [0.06363711769485557, 0.037212032341433075, 0.9972790892726633, 17.909377178306837, 0.038579393631832055, 0.9984658748798331, -0.03971809521424115, -2.3172998978052877, -0.9972270296695122, 0.04100196402488376, 0.06210386656750225, 87.86369003241124], [0.06492506702034839, 0.04264651535822575, 0.9969784402885576, 18.698586556027422, 0.03277976281577164, 0.9984560416002984, -0.04484439922223189, -2.3554347667623095, -0.9973515046576483, 0.03559223935058282, 0.0634268764416595, 87.91999813157922], [0.0647817303892396, 0.04584522775171097, 0.9968457967510175, 19.503739212783213, 0.029884823751798698, 0.9984069310231705, -0.04785914117717018, -2.39732388218372, -0.9974517661022989, 0.03289095611477449, 0.06330844576571484, 87.97627502213508], [0.06505194043489076, 0.04540930489698247, 0.9968481529673563, 20.310471737930474, 0.027442623805489338, 0.9985048416953928, -0.04727561220679415, -2.4436903330913946, -0.9975043600953009, 0.03043149659910094, 0.0637085206672785, 88.03002152870351], [0.06512315064860227, 0.043593301161686415, 0.9969245705385275, 21.11813120404416, 0.024562230555412762, 0.998672588888366, -0.04527424249117329, -2.493510851326465, -0.9975747957016462, 0.027435090198535142, 0.06396595036913649, 88.08505870266573], [0.06514192821732283, 0.04239374170775749, 0.9969750748399614, 21.929802118313205, 0.025357782855103504, 0.9987041822430304, -0.04412413420058674, -2.540474178034052, -0.9975536642125651, 0.028155406306774065, 0.06398249848040742, 88.13587553908891], [0.06557272290901187, 0.0417471757629748, 0.9969741176811537, 22.74298335