{"algorithm description": "Algorithm 8: BM + ORD + FLANN + Filter: Lowe Ratio Test", "odometry": [[1.0, 9.04368e-12, 2.326809e-11, 5.5511150000000004e-17, 9.043683e-12, 1.0, 2.39237e-10, 3.330669e-16, 2.32681e-11, 2.39237e-10, 0.9999999, -4.440892e-16], [0.9999894513558142, -0.0032908440932656957, -0.003204297466150118, -0.010159949886289786, 0.003284384967647596, 0.9999925682901005, -0.0020189551636733477, -0.00797626293130912, 0.0032109174464312797, 0.0020084099974803085, 0.9999927281227822, 0.6573800738490132], [0.9999686001409863, -0.0032374418318106175, -0.007233097708572012, -0.027401498354859142, 0.003215526351602122, 0.9999902109623063, -0.0030394686779565997, -0.023192951570735622, 0.007242866330336967, 0.003016115199490142, 0.9999691214914762, 1.3367489358063613], [0.999935606808568, -0.0028546296465376832, -0.010983320352322317, -0.043866574739834185, 0.002802905297016553, 0.9999849237159082, -0.004721870687070059, -0.020206048273099513, 0.010996632904925757, 0.004690781433208406, 0.9999284327562201, 2.0506849175765685], [0.9998742331836534, -0.002433114164760667, -0.015671559298998366, -0.07545853205627318, 0.0023544737139449107, 0.9999845548393901, -0.005034534357553939, -0.03435413027732638, 0.015683565325406535, 0.004997002884423035, 0.9998644186792863, 2.747013012132465], [0.9997837128791478, -0.0032294753184166666, -0.02054502252987604, -0.08858662058371868, 0.003128945573932097, 0.9999829847236026, -0.004923409679360502, -0.05140050438195361, 0.020560570972646998, 0.004858060544454477, 0.9997767061544471, 3.4779657576136005], [0.9996841415625038, -0.0017166680812207495, -0.02507329573745784, -0.11215702776691697, 0.0015611802034859372, 0.9999794394739329, -0.006219593698250107, -0.06190766461283918, 0.025083454734209944, 0.006178485114697, 0.9996661675881078, 4.233781733214651], [0.9995571892669826, 0.0004616579781598677, -0.029752516811193144, -0.1489354193696361, -0.0006392634116147224, 0.9999820335733219, -0.005960190672670159, -0.08643010837327929, 0.029749227766492626, 0.005976571012500128, 0.9995394259588963, 4.999810272789244], [0.9994555702146063, 0.00010769013997537192, -0.032993204903885506, -0.21197419837116632, -0.0002595276663793765, 0.9999893962120452, -0.004597837411217389, -0.08201313046225531, 0.032992356656333065, 0.004603896879141695, 0.9994449002000049, 5.795950522471523], [0.999277324177707, -0.0014053551929990313, -0.037984922811859535, -0.23477000823732574, 0.0013373380880205268, 0.9999974568612947, -0.0018159839707140848, -0.0877422673757932, 0.03798737456184038, 0.001763873220978064, 0.9992765623815905, 6.590358082230961], [0.9991540497938126, -4.320170480071988e-05, -0.04112399438570836, -0.27923575595348044, 6.809018621940376e-05, 0.9999998153916521, 0.0006038049263096899, -0.09897474325700809, 0.041123956642606846, -0.000606093738762248, 0.9991537683662344, 7.382334115555447], [0.9990213920761098, 0.0017542804133080826, -0.044194803705215405, -0.3135041994399763, -0.0017527991118165937, 0.9999984612350935, 7.226838476515925e-05, -0.11810172518539165, 0.04419485810498005, 5.267428358477688e-06, 0.999022829813886, 8.189366266233556], [0.9989479158513973, 0.0018274871061566222, -0.045822720423668445, -0.3999239038009267, -0.0018223302955106195, 0.9999983276487012, 0.00015431168447081623, -0.13399702906388583, 0.045822921257918835, -7.064471832006453e-05, 0.9989494756476546, 9.058434824242863], [0.9988675557537608, -0.0015241797185741022, -0.047552948790709385, -0.4567301356379151, 0.0015123316067147776, 0.9999988157751937, -0.0002851338675416089, -0.1348601106545228, 0.04755332236446018, 0.00021289559899825784, 0.9988685780459688, 9.918341650364475], [0.9987449515804318, -0.00016110080000962497, -0.05008488533611973, -0.4905844436323154, 0.0001977456477048483, 0.9999997164017175, 0.0007267001748909071, -0.15172928406619032, 0.050084749098249705, -0.0007356916470403291, 0.9987446003186079, 10.758993750207361], [0.9986792089990552, 0.00042124047910871963, -0.0513776222637767, -0.5280158889524212, -0.0003898052652901514, 0.9999997306679919, 0.0006218647760722388, -0.18561218490819215, 0.051377865289255906, -0.0006010156164005776, 0.998679004354531, 11.597881758402764], [0.9985787941612908, 0.004157482030567657, -0.05313292006418485, -0.585989224651747, -0.004255971340531387, 0.9999894284045372, -0.0017406283682321409, -0.20447317269593612, 0.053125116465206894, 0.001964287044297833, 0.9985858318527133, 12.459732362982141], [0.998509633188762, 0.003340196031363551, -0.05447343866248072, -0.636892341326577, -0.003580101555253521, 0.999984315780511, -0.004307094825791145, -0.20834867104595622, 0.05445819234700269, 0.0044956961461378, 0.9985058307303308, 13.32604672682874], [0.9983715502394263, 0.009691636651670357, -0.056216722169971506, -0.6871014301786232, -0.010043814736260558, 0.9999316455013723, -0.005985491664240297, -0.23856935970330576, 0.05615486471988936, 0.006540374759182566, 0.998400548210141, 14.189698793846379], [0.998289464141051, 0.010024759425402971, -0.05759904498717584, -0.7383732090472631, -0.010374003643988055, 0.9999295552313322, -0.005767549155913927, -0.23816067912939123, 0.05753716343079001, 0.006355216102236849, 0.9983230369237415, 15.095072176643432], [0.9982289692997132, 0.007096836959410612, -0.05906403098335643, -0.8000671320036158, -0.007370678215541432, 0.9999630686679569, -0.004419774067440384, -0.2333023168132504, 0.059030477393941135, 0.004847288472427462, 0.998244312046464, 15.993514804568571], [0.9981015376996792, 0.006668385752510303, -0.06122787823361458, -0.8172869120680958, -0.006812814195426721, 0.9999744803338725, -0.0021504054831083504, -0.2639839261327463, 0.061211969907309205, 0.0025634573997805115, 0.9981213971387629, 16.843109415570787], [0.9980512348958659, 0.005382282186882554, -0.062167222563796774, -0.8864311249576943, -0.005513438056524282, 0.999982922205145, -0.0019383753139057527, -0.27881343281553933, 0.06215572183003428, 0.002277353257467933, 0.9980637654508544, 17.7600698436947], [0.9979301541340789, 0.001445515544355084, -0.06429088547176108, -0.9601022799422622, -0.001612000576082789, 0.9999954805979335, -0.002537762371065427, -0.2648773272272291, 0.06428692015742113, 0.0026361467534547454, 0.9979278744613649, 18.713881198850327], [0.9978469420053541, -0.0013690995422922184, -0.06557138016700417, -1.0108725408940464, 0.00115690784115802, 0.9999939715426727, -0.003273903260737815, -0.25956292207970666, 0.06557546066163564, 0.0031909944725857175, 0.9978424106607718, 19.62294536175815], [0.9977383483173851, -0.0033805582253013276, -0.06713240739747532, -1.047223162584713, 0.0033084308240958456, 0.9999938243551262, -0.0011855534963114889, -0.2558952348619371, 0.06713599397860513, 0.0009607696435588647, 0.9977432712046757, 20.537813691230195], [0.9977602787677554, -0.0015929157750274986, -0.06687218205370067, -1.125510890166057, 0.0017334916857313675, 0.999996408151765, 0.002044184469470707, -0.26939323449451197, 0.06686867900567603, -0.002155527743757716, 0.9977593564924319, 21.478968219728614], [0.9977760153202938, -0.0019546120575527383, -0.06662734230974351, -1.1813817657636467, 0.002366630681204041, 0.9999785603751769, 0.006105558877682255, -0.272468663535424, 0.06661397323168819, -0.006249661417455635, 0.997759149445629, 22.414142237034785], [0.997887318963022, -0.001729451677294293, -0.06494542054437961, -1.2534433002793663, 0.0023627036092902275, 0.9999504049070669, 0.00967498619374599, -0.3145474841724104, 0.0649254607041333, -0.00980799135423955, 0.9978418150478368, 23.330553811193962], [0.9979598992363105, -0.00285825658572361, -0.0637798548566988, -1.3085203026394148, 0.0035150590925805297, 0.9999419215024363, 0.010188129445237896, -0.3075137363198505, 0.06374702400389101, -0.010391533075847057, 0.9979118863762426, 24.24367505820059], [0.9980012020972275, -0.003311491437905068, -0.06310811862940983, -1.3399733982835955, 0.0038072857663003596, 0.999962816115435, 0.00773763281529369, -0.3206250458528556, 0.06308014265984414, -0.007962436218300062, 0.9979766005330453, 25.15733458760444], [0.9980633653563472, -0.0021193404877252, -0.06216934235986377, -1.4116746248426735, 0.0023197508971474876, 0.9999923429959642, 0.003151619459755111, -0.33883433964475346, 0.06216218080557281, -0.0032897325046951768, 0.9980605397156793, 26.1052987286502], [0.9980996314905092, -0.0035019590735362615, -0.061521231303958104, -1.453609752380028, 0.003517629568867907, 0.9999938024038051, 0.00014641105713981043, -0.33761740912185156, 0.06152033119077626, -0.0003625412099632149, 0.9981056644534476, 27.047390959532247], [0.9981212389266437, -0.005561227010491697, -0.06101692517389932, -1.4977878627124146, 0.005626129002261764, 0.9999837754463905, 0.0008919172801679602, -0.34093674253469053, 0.06101096899509945, -0.0012335300714906422, 0.99813623321962, 27.97519459680021], [0.9980784657666987, -0.006837677925452485, -0.06158427017817254, -1.5567816907314969, 0.007219773894666386, 0.9999560320196802, 0.0059840531722382675, -0.3584416173806307, 0.061540639309749554, -0.006417177995515807, 0.9980838489525472, 28.965820876941383], [0.9980610268443048, -0.00983674812718032, -0.06146076049620519, -1.6510016978967883, 0.010417183624984578, 0.9999040515653992, 0.009130714562653158, -0.3575682853419829, 0.06136504080799787, -0.009753256926747977, 0.9980676358573919, 29.911370368591726], [0.9979540109373971, -0.015636317163500217, -0.06199433554383408, -1.746796471740193, 0.01616676836558537, 0.9998367899346655, 0.008064061864756935, -0.36554023315399453, 0.06185811908370008, -0.0090498095624478, 0.9980438237123259, 30.92819722358181], [0.9977944659689021, -0.01773768295299299, -0.06396544602588093, -1.7774628234841243, 0.01800639639319516, 0.9998312936450245, 0.0036268356799230403, -0.35445183962351795, 0.06389031665324137, -0.004770622792385222, 0.9979454236560892, 31.83830443626497], [0.997750002866262, -0.016512075450725642, -0.06497909775212829, -1.8592173299281183, 0.01654314356032138, 0.9998631510408803, -5.99311760513592e-05, -0.3826028573111527, 0.06497118857556468, -0.0010151616323003725, 0.9978865236598541, 32.79848669114591], [0.9976216234810248, -0.015263665543800091, -0.06721693891608173, -1.930757915888218, 0.015289794823068999, 0.9998830963497672, -0.00012573095002366277, -0.4112680128581252, 0.06721099345837596, -0.0009023007222394286, 0.9977382764090764, 33.78240312433164], [0.9975515229271147, -0.01558903976942369, -0.06817580908840287, -1.98848651050071, 0.015706886621303512, 0.9998759277219287, 0.0011928431914238447, -0.4157666224299879, 0.06814874831957225, -0.002260751542120945, 0.9976725099475029, 34.76953867424621], [0.9974742072325304, -0.013799665304467188, -0.06967621648250259, -2.0428201055341826, 0.014070658621447405, 0.9998952227701416, 0.0034000069719099676, -0.39795851298030593, 0.06962199013425881, -0.004371808600087761, 0.9975637652698293, 35.720640420338505], [0.9973748132640502, -0.012305816704484952, -0.07135859262719375, -2.1148192175426206, 0.012699350753897823, 0.9999065378174756, 0.005063804923198794, -0.43625524578024727, 0.07128960196570232, -0.005956718213229739, 0.9974377725751664, 36.73846953289166], [0.9973475282234342, -0.01088631660939185, -0.07196802107382917, -2.210782297296392, 0.011455806995741594, 0.9999062147966107, 0.0075050714315413845, -0.4412542737919334, 0.07187956181849256, -0.008309614891791304, 0.9973786035869936, 37.72882565690935], [0.9973936874233807, -0.009858650995591097, -0.07147474580951949, -2.3122742247601993, 0.010652936480599052, 0.9998855756404325, 0.01074013829255772, -0.46083872463299774, 0.07136067699787793, -0.011473560436810379, 0.9973844851356556, 38.75183420818703], [0.9974001536773457, -0.0034145560679385194, -0.07198106870047823, -2.415663865434742, 0.0043610504461135185, 0.9999060361792699, 0.012996155249504154, -0.46507091396139855, 0.07192992183898476, -0.01327627850893995, 0.997321225470109, 39.77452783736645], [0.9973893108408598, -0.0033697216345663075, -0.07213326276065285, -2.500493159032457, 0.004300283927450679, 0.9999094787717024, 0.012749189019207808, -0.4768410046589369, 0.07208376479114054, -0.013026096579248124, 0.9973134169665286, 40.7888294401312], [0.9974276554638155, -0.004120091915732417, -0.0715618401004242, -2.589059404481147, 0.004932662738934133, 0.9999253153325823, 0.011181797500462897, -0.47591336254020766, 0.07151041839244555, -0.011506022858101893, 0.9973733861996398, 41.774379282513465], [0.9974381187484532, -0.0013859301007591968, -0.07152117494350194, -2.661874763376516, 0.0020182269535906914, 0.9999595132485071, 0.008769186038307626, -0.474022162530089, 0.07150611870134589, -0.008891065020531526, 0.9974004331015098, 42.75811366921537], [0.9973876986288137, -0.0007327862426435616, -0.07223047589651915, -2.741727813066053, 0.0013911681553991182, 0.9999579431616689, 0.00906512873871806, -0.49112549678928225, 0.07222078813444496, -0.009141931235787559, 0.9973466713508042, 43.76096537094071], [0.9973001433811997, -0.0021864080265070014, -0.07340056969654092, -2.802448661212371, 0.0029545413440150484, 0.9999419895505985, 0.010358002656831655, -0.5029336737979418, 0.07337365758681677, -0.010546901019609083, 0.9972486496612689, 44.731033904209504], [0.9972228652290933, -0.001828066791004519, -0.07445277184955314, -2.864440423462719, 0.0027011705200861063, 0.9999287447916002, 0.011627941233004865, -0.5107675673131946, 0.07442620265364164, -0.011796756847520745, 0.9971566461125597, 45.70490915374207], [0.9972033304046684, 0.0005671100505477418, -0.07473417033743628, -2.937765771267533, 3.227124797406796e-05, 0.9999678489833493, 0.008018725471172905, -0.5166033950186563, 0.07473630763047863, -0.007998710232041392, 0.9971711512856734, 46.66684382303058], [0.9971360373225118, 0.0025339025088360317, -0.07558639038101121, -3.0164124432218333, -0.0022668454840953146, 0.9999908830929978, 0.003618721105521384, -0.5264906851004694, 0.0755948632392387, -0.003437013733351743, 0.9971325907763954, 47.625572735965555], [0.9970839568823827, 0.00505805070916282, -0.0761445930502676, -3.0674780889781843, -0.004906174418810626, 0.9999855851355806, 0.0021815071910334808, -0.5406850724724968, 0.07615452203887711, -0.0018015665085899344, 0.9970943000193886, 48.55108279238405], [0.9970884699106097, 0.00437801932380778, -0.07612763045121268, -3.1558658415484526, -0.0039727292073905695, 0.9999771236655608, 0.005474446839469924, -0.5486810489705681, 0.07614984859364289, -0.0051560723675170145, 0.9970829531573164, 49.55046201667759], [0.9970309368467326, 0.0021783002478587186, -0.07697120226782109, -3.19782592509735, -0.001528139588369944, 0.9999626667945044, 0.008504693211596607, -0.5517696427438602, 0.07698684680842169, -0.008361818184262924, 0.9969969435335091, 50.501924437252235], [0.9969841040288323, 0.0004064926215151718, -0.07760496812428863, -3.2620374383730097, 0.00032506783390745764, 0.9999556358343529, 0.009413856490330077, -0.5671874313250769, 0.07760534419384715, -0.009410690737815515, 0.9969396418301365, 51.456107843286944], [0.9969540893129283, -0.002225544609515923, -0.07795890425998246, -3.322499320594217, 0.0028830994269549177, 0.9999612061497336, 0.008323096374927546, -0.5798233511509232, 0.07793734876569015, -0.008522506908324984, 0.9969217303998253, 52.40503893851866], [0.9969246544252617, -0.0029334807722188436, -0.07831109812553971, -3.396999066586103, 0.0035086761236014815, 0.9999678634267514, 0.007208419077717178, -0.6057553159790375, 0.07828742793576422, -0.007461017753787798, 0.99690280962654, 53.36784236676503], [0.9968766049024519, -0.002975935978914296, -0.07891880893175296, -3.47286334181223, 0.0035986560399469333, 0.9999634960750184, 0.007749593030287224, -0.6121442519369892, 0.0788928579515773, -0.00800938835857915, 0.9968508246785788, 54.289639004429446], [0.9967348344803674, -0.005769532247168799, -0.08053807938509495, -3.5174763714217545, 0.006738463695629665, 0.9999080950926359, 0.01176411812424345, -0.6136638866727361, 0.08046279608482032, -0.012268407550425086, 0.9966820077749966, 55.1890978359568], [0.9966696796744825, -0.004864293116559391, -0.08139955939706853, -3.571951968042541, 0.006233949674343055, 0.9998430974240251, 0.016580663587185164, -0.6355402189649303, 0.08130612630751115, -0.017032883241564177, 0.9965435237426189, 56.11116921356921], [0.9966206159782393, -0.000552921660941513, -0.08214038035453533, -3.645683057736867, 0.0021337561094563486, 0.999814172904374, 0.019158985996396434, -0.669389249097059, 0.08211451486380877, -0.019269505558351538, 0.9964364970253887, 57.04155674505291], [0.9966071618296477, -0.0009662141777180658, -0.08229964410623708, -3.8140542977701264, 0.002214599570767675, 0.9998838552021924, 0.01507884792496667, -0.6501437792138369, 0.08227550785395016, -0.015209946591305637, 0.9964934512238773, 58.061273036022875], [0.9964634176930657, 0.0033764132477395806, -0.08395985369825121, -3.9016257612654153, -0.002769435446342755, 0.9999691916161644, 0.007344797194266103, -0.6707412522286094, 0.0839820577482401, -0.0070862991323127665, 0.9964419693795463, 58.977071108241276], [0.9963847063900734, 0.006049387465756469, -0.08474031970232745, -3.9866267825167054, -0.005875955015847266, 0.9999801007984028, 0.0022959006662422814, -0.684049109052671, 0.08475251379863936, -0.0017896693469222316, 0.9964003254156686, 59.883434160207685], [0.9962647910477774, 0.013598036392809577, -0.0852734397382011, -4.087008146305421, -0.013377212212388351, 0.9999055262731562, 0.003160493921636259, -0.7097465820048516, 0.08530835165903947, -0.0020079672371301387, 0.99635247438083, 60.79031711916707], [0.9960988682295008, 0.017629228760053222, -0.08646533990698148, -4.165829122540592, -0.017113455308880178, 0.9998310869807403, 0.0067027721357552856, -0.7815354602545558, 0.08656889086994041, -0.005196902009256981, 0.9962322115566555, 61.68409227654681], [0.9959898490551025, 0.02012699592978759, -0.08717295804338011, -4.259266118377458, -0.01943554660985243, 0.9997726167323078, 0.008773503303237444, -0.8133587389878623, 0.08732971194067803, -0.00704406495779667, 0.9961544571808324, 62.57911159017654], [0.9958884069858555, 0.021999182195499713, -0.08787671371814276, -4.363551873538299, -0.0212842198454794, 0.9997323696843862, 0.009064821609532658, -0.8415561689955703, 0.08805260513857245, -0.00715716226316721, 0.9960900128786855, 63.43215294061625], [0.9957438599818308, 0.02355415499872195, -0.08910312615602413, -4.453438112474266, -0.022789122195360643, 0.9996942620625453, 0.009593659822484214, -0.8405222431124162, 0.08930184560572475, -0.0075222446013864025, 0.995976102227146, 64.2772618729826], [0.9955342560357071, 0.024916919064735987, -0.0910532382935849, -4.500463262419254, -0.0240978237903458, 0.99965874280472, 0.010084285927003778, -0.8396456473641338, 0.09127342596458703, -0.007845065932074933, 0.9957948667538001, 65.08034236096486], [0.9953672217465888, 0.025459924617063534, -0.09271400169859208, -4.576991339991411, -0.024566209061989253, 0.9996402086445028, 0.010768223321379765, -0.861945690606321, 0.09295479289535537, -0.008440703658290213, 0.9956344514928883, 65.89940665745553], [0.9952804041876444, 0.024638928360112278, -0.09386074924770214, -4.666550861555997, -0.02363189152396771, 0.9996507827393746, 0.011825661569521598, -0.8659404486626178, 0.09411933370526684, -0.009551740747492023, 0.9955150000233947, 66.69525964135161], [0.9951264696421556, 0.025722923766419666, -0.09519264998119552, -4.754620045361687, -0.024465013268526962, 0.999597572428074, 0.014358144785236797, -0.8530004607641981, 0.09552366578017207, -0.011959278810480924, 0.9953552154513793, 67.49481662084145], [0.9948692591413565, 0.02746597993725721, -0.09736928243347616, -4.802632909831971, -0.02575302562408087, 0.9994914303749787, 0.01880591072472588, -0.8626753932708335, 0.097836276391034, -0.016201866744983185, 0.9950705314378101, 68.25105876206344], [0.9945549275827188, 0.030491395911433385, -0.09965325281344685, -4.870040841738899, -0.02860108848436056, 0.9993838782259676, 0.02034309906420454, -0.860264161244478, 0.10021213377355082, -0.017382135697324413, 0.9948141482725115, 69.01678607892293], [0.9942817900222034, 0.03339037292830205, -0.10143374697775728, -4.949084448694811, -0.03185203716403256, 0.9993522610879022, 0.016748312959828225, -0.8739149181042232, 0.10192726664679029, -0.013421669289242502, 0.9947012069498132, 69.76667149053365], [0.9941628622308791, 0.03333203098574085, -0.10261178816913587, -5.037779734223688, -0.03250451886595807, 0.9994242598629273, 0.009726512773573873, -0.881126697769169, 0.10287690461232235, -0.0063343898608993355, 0.9946738249308101, 70.48355300705336], [0.9939416351472894, 0.03288209351687987, -0.10487513454902249, -5.097187370363643, -0.03260779915513484, 0.99945884729129, 0.004329434769844173, -0.8970112796430206, 0.10496073149944007, -0.0008834575825691358, 0.9944758741899237, 71.18540165124544], [0.9938534133855481, 0.033988517574325715, -0.10535736032660595, -5.176833177471617, -0.03380643987947862, 0.9994222210231481, 0.0035140785185642258, -0.9141138643983964, 0.10541591486672035, 6.927881001344092e-05, 0.9944281171071487, 71.87131609484038], [0.993824630048931, 0.0359158205420132, -0.10498884961220936, -5.2912072114847595, -0.03534792267548412, 0.9993486567043214, 0.007265446015107394, -0.9222776423566204, 0.10518139979532425, -0.0035094406294463557, 0.99444675924032, 72.52125232298492], [0.993739379389526, 0.03688321346646828, -0.10545934958505292, -5.383391842685008, -0.036040654319418594, 0.9993014382806713, 0.009884669261639813, -0.9496714753257945, 0.1057502475408843, -0.006021960052334851, 0.9943743868092038, 73.16672833460291], [0.9938402905065697, 0.03403426724682656, -0.10546632457227413, -5.492492330247881, -0.033557644965144434, 0.9994169841501453, 0.006290966271095336, -0.9493509390545151, 0.10561893392903222, -0.0027130135195771233, 0.9944028762797036, 73.79794822866427], [0.9941125278767147, 0.02595454633809702, -0.10519811520625041, -5.564592382223001, -0.02599186500232899, 0.9996616376756821, 0.0010164218007024373, -0.9568531470124205, 0.10518889040913616, 0.0017238578703891241, 0.9944506652662803, 74.41206894413443], [0.994391281978038, 0.022373999540267284, -0.10337012368494994, -5.650726798387139, -0.022841092240546333, 0.999733538994244, -0.0033369919547280888, -0.9884013439780416, 0.10326790742992109, 0.005679362149268534, 0.9946372625940739, 75.0060015059098], [0.9946722802226402, 0.024791900383797333, -0.10006206390060772, -5.720593157394056, -0.025257841443425855, 0.9996752146089403, -0.003392158927711349, -1.0005107946823049, 0.0999454571774878, 0.005901438089336177, 0.9949753155822865, 75.58671738939374], [0.9949607168363847, 0.02908154302805824, -0.09595538446346255, -5.78412921571832, -0.029260510710370998, 0.9995717145488529, -0.0004582432079274244, -1.002567031248006, 0.0959009521909739, 0.0032636376987143756, 0.9953854308949102, 76.15465342280558], [0.9954385647032677, 0.027731923538740204, -0.09128529081038068, -5.833883233953028, -0.02762985813993191, 0.9996153848169028, 0.002381885078135811, -1.0089628558167092, 0.09131622625788655, 0.0001511798363480851, 0.9958218334454639, 76.70693348800388], [0.996058827580217, 0.024357524091162742, -0.08528495189462176, -5.8850644614798, -0.023892121780405763, 0.9996935824860956, 0.006473612048065394, -1.0187655142390606, 0.08541649174637718, -0.004410459049596019, 0.9963354710079947, 77.25111044745499], [0.9968231853306977, 0.02051476082657553, -0.0769589616314154, -5.921991563326586, -0.019793989725949385, 0.9997528929556998, 0.0101168669775029, -1.035713037590642, 0.07714748195840028, -0.008561401334778758, 0.9969828325676791, 77.77290463433087], [0.997536692568413, 0.02383305464507225, -0.06597372572435141, -5.965692917818248, -0.023257375820675896, 0.9996845594038938, 0.009480303759957317, -1.0307904568228035, 0.06617885294795187, -0.007922573852100635, 0.9977762235321409, 78.28654458187039], [0.9982783538843399, 0.02895224546374097, -0.0510107405217302, -5.982486884274798, -0.028538329700795076, 0.9995537490968527, 0.008824194258799503, -1.0349293098262513, 0.05124345207935796, -0.007353239572807306, 0.9986590201298864, 78.76773962547965], [0.9989006424056839, 0.033944069326073474, -0.03233120410833119, -6.010895652177788, -0.03366694116917014, 0.9993918798796204, 0.00907785784159174, -1.0394474601477917, 0.03261967905691186, -0.007979384005288685, 0.9994358838710613, 79.24459509785507], [0.999426665740389, 0.03224867936310832, -0.010313219011536635, -6.001052855958823, -0.03215469156223479, 0.9994409937880605, 0.009152909180884015, -1.0416247445562092, 0.01060262206231985, -0.008816041766834226, 0.99990482637748, 79.72655524748969], [0.9994737227676731, 0.028208260204389133, 0.016017851078272395, -5.971680551644899, -0.02836482793858369, 0.9995512206341034, 0.009632957224572594, -1.0455981999554809, -0.015738932026461, -0.010082229720491295, 0.9998252020541085, 80.1943048601153], [0.9985462453658832, 0.028982087934460925, 0.045447051000616946, -5.93279891186888, -0.02947335032318132, 0.9995137584882444, 0.01017684692978882, -1.0441814745421119, -0.045130001939852206, -0.01150152751695765, 0.9989148100762621, 80.64839516605615], [0.9965154187843874, 0.02839589229652901, 0.07842635670268801, -5.8725854714061905, -0.029379576005164394, 0.9995031193934628, 0.01141730425696647, -1.0519435090228133, -0.0780631757863688, -0.013681650992851504, 0.9968544291982987, 81.10297978065591], [0.9928537781336098, 0.028407798921722693, 0.11590673926151249, -5.796684493298349, -0.029914860254442118, 0.9994887638755302, 0.011283262937811055, -1.0603516740671872, -0.1155269393000293, -0.014669962198489065, 0.9931959114419833, 81.5474392318836], [0.9870854812402025, 0.028852038419083296, 0.15757478416249973, -5.700037935253211, -0.030830185373583553, 0.9994733700821453, 0.010123347592150205, -1.0537442753201574, -0.15719970560204627, -0.014850667271060118, 0.9874550674538279, 81.97683600621919], [0.9787631214784037, 0.02813152487489969, 0.20305508942664038, -5.593400132280351, -0.0306949416860122, 0.9994837899284835, 0.009485474426140622, -1.068950530220008, -0.20268340918543273, -0.015516794655815886, 0.979121271714893, 82.38357485455744], [0.967058539183374, 0.030017966097858652, 0.2527779727426087, -5.485630696342784, -0.03268872980830195, 0.9994452709430445, 0.006371603652626813, -1.0719592662313917, -0.2524464615997257, -0.014424702650962245, 0.9675032361595589, 82.76387620482836], [0.9515295035920699, 0.031202521671353057, 0.30597059733767695, -5.324794085643735, -0.033629650657395184, 0.9994308151500066, 0.0026631419896138266, -1.0849827894150197, -0.3057133161639602, -0.0128237407132451, 0.9520371421295305, 83.15409113319795], [0.9317576019010005, 0.03091182814556524, 0.36176267107095583, -5.154156263352011, -0.033096913787899244, 0.99945213483511, -0.00015643292368765525, -1.0966633445968546, -0.36156927334871686, -0.011827468707884599, 0.932270117269697, 83.51060387172518], [0.9074564410322296, 0.03178876760884337, 0.4189418597884767, -4.95522983742133, -0.033629302577685184, 0.9994298961527979, -0.0029921036325544353, -1.1063874590399159, -0.4187980928035423, -0.011373517234654965, 0.9080080399257698, 83.8581607781188], [0.8783188376976812, 0.03222026908743262, 0.47698833696991444, -4.742099573615317, -0.03312006228491151, 0.9994300862307129, -0.006524125314158783, -1.1077987677180832, -0.4769266561043719, -0.010067619780231126, 0.8788853211478005, 84.18552935629279], [0.8448017108278069, 0.0313197894491486, 0.5341620916643828, -4.499473675229143, -0.030139365444242863, 0.999485872911386, -0.010936567157231748, -1.1085843835312708, -0.5342299419961164, -0.006860074676428311, 0.8453112494520995, 84.49094877802864], [0.8074127769444501, 0.030352440098427122, 0.5892056831081314, -4.252292780908199, -0.027791566572375706, 0.9995238444954788, -0.013405711933065759, -1.1222902852591317, -0.5893319666897712, -0.005551004833368512, 0.8078717839997359, 84.78028678818488], [0.7672752372258603, 0.029119038693903948, 0.6406565319463615, -3.983906562090047, -0.026774970032858225, 0.9995521416879986, -0.013364768111566398, -1.1382800699408038, -0.6407587136943951, -0.006899102651422802, 0.7677111912739834, 85.03993077420316], [0.7236088606364929, 0.029224567025688153, 0.6895912858284349, -3.70218963852143, -0.027979831937456068, 0.9995239603585193, -0.012999295133724411, -1.1434283919909252, -0.6896428428273063, -0.009888241673791468, 0.7240820202253893, 85.29298969491064], [0.6780235524543347, 0.02850457760225423, 0.7344872710761691, -3.3996445354617135, -0.026872934361667763, 0.9995410423399287, -0.013983922082284739, -1.1521765475017542, -0.7345487048354903, -0.010256398192414187, 0.6784783021737921, 85.5162225189133], [0.6310158688965088, 0.02701774285811458, 0.775299306572393, -3.0854083427172814, -0.023199544204081546, 0.9996035751989674, -0.015952228626937452, -1.1698498127426258, -0.7754228743495417, -0.007920479854767567, 0.6313924547651597, 85.71995643830935], [0.5839646676554224, 0.02428188427160933, 0.8114158348382838, -2.7515851581032975, -0.01671619818477698, 0.9997002859632136, -0.017885943176624286, -1.1820363463526102, -0.8116068653453442, -0.0031190282512183554, 0.5841954876469706, 85.90476336132923], [0.5367623520807032, 0.02661812653933635, 0.8433134961141816, -2.415337035818501, -0.01781473562491574, 0.9996369621105923, -0.020213341557546366, -1.193748795338095, -0.8435452982748124, -0.0041736453274547145, 0.5370416282218239, 86.07867569844406], [0.4887864185269561, 0.029896510895061082, 0.871891068712078, -2.078781033498627, -0.02076692614557521, 0.9995281737868758, -0.022631053549028782, -1.2040773947753043, -0.8721561899614292, -0.0070447446350947384, 0.48917660602792434, 86.24002898770601], [0.4430491736829965, 0.032107450109277354, 0.89592217371058, -1.7376628770216995, -0.020536979068364124, 0.9994596995572527, -0.02566206249843734, -1.21694802734195, -0.896261960317831, -0.007029978160735828, 0.4434691397316249, 86.37498271014972], [0.4006617290154506, 0.029750588107642736, 0.9157429122901228, -1.3884715714927514, -0.012231505210426537, 0.999557297419194, -0.027121936810011522, -1.2275031334130038, -0.9161443124829807, -0.0003341915934749311, 0.4008482094522498, 86.48273643927773], [0.3611836146157063, 0.022269590975715552, 0.9322287604718618, -1.0303801983158425, 0.003272486563106169, 0.9996783636419972, -0.02514875936810811, -1.2398543182726465, -0.9324888811259219, 0.012134025170013059, 0.3609945318279893, 86.56942060951097], [0.3254184009333467, 0.01888846254282398, 0.9453814522809025, -0.6342880817035883, 0.007408813982493752, 0.9997188417181275, -0.022524364344869142, -1.2520904664189254, -0.945541006495496, 0.01433399699541511, 0.3251869332639755, 86.67520338115361], [0.2922235759568242, 0.02301609859712097, 0.956073031133276, -0.2705776192332612, 0.005574228100917836, 0.9996523836263173, -0.0257689714832232, -1.2615669373216345, -0.956333690031978, 0.012859669345641464, 0.29199366810626387, 86.7625018546118], [0.260823451688765, 0.030822579482094152, 0.9648943442902052, 0.09131248347886772, -0.004126282234327729, 0.9995166444682407, -0.030813166436976736, -1.278442432557821, -0.9653776019949954, 0.004055370110844792, 0.26082453784041415, 86.86324953866688], [0.23263155354207213, 0.035202522560361334, 0.9719276427296353, 0.4399420127540959, -0.007962472701021198, 0.9993801707339235, -0.03429101008020975, -1.302110505035746, -0.9725322463278796, 0.00023822408087668617, 0.23276763757392374, 86.92966496363044], [0.20722758536059843, 0.03676362732073537, 0.9776017407778254, 0.8112143492378836, -0.006396859201323344, 0.999323203651936, -0.03622450600341345, -1.3287660414451046, -0.9782717498946265, 0.0012531365737908937, 0.20732248553121915, 86.97784675987536], [0.1843077494214291, 0.038205359187088624, 0.9821257577482578, 1.2003443990729727, 0.0022809724460639744, 0.9992249090132653, -0.03929857977247939, -1.3476027625545666, -0.9828658389850761, 0.009483234116875251, 0.18407773039359504, 87.01285070074678], [0.16454400108263925, 0.04407829312218432, 0.9853843797133927, 1.6008517522797936, 0.009116367215755532, 0.9988903914069094, -0.046204737892781886, -1.3848316102335694, -0.9863275160738575, 0.01658583711740019, 0.1639595713665398, 87.04050516362571], [0.14538882251575697, 0.051261045416628535, 0.9880457456566839, 2.00815615054103, 0.012484402526940802, 0.9984823169182605, -0.05363956091439918, -1.3724849986235446, -0.989295726370356, 0.020133751872174043, 0.14452819040211148, 87.0631863548576], [0.12737474493951506, 0.05335592262737271, 0.9904185074362107, 3.306287818531782, 0.012970945333505346, 0.998377052664584, -0.0554528203965791, -1.4194778712382965, -0.9917697475640525, 0.019909951660623117, 0.1264759330529602, 87.20680590240676], [0.11173251879831037, 0.04940885186949007, 0.9925092491256291, 3.790358126965918, 0.01182316824863705, 0.9986263987510624, -0.05104437687003347, -1.4256056040691378, -0.9936678818593361, 0.017437919375243763, 0.11099486262459332, 87.26175904890935], [0.09758237941612873, 0.04575191267704437, 0.9941752570416722, 4.163821923114831, 0.012552879299571622, 0.9988067142756772, -0.047197168761672174, -1.4691890775130738, -0.9951481831183824, 0.017085372805227976, 0.09689160785278668, 87.28358394782636], [0.08475901546108415, 0.042429670389731215, 0.9954976807450044, 4.473560580888771, 0.014696391387095593, 0.9989310210049654, -0.04382729006197219, -1.5218579124215437, -0.9962929924658023, 0.018344980142593493, 0.08404483843231465, 87.27938487198807], [0.07385398024156493, 0.04140594849664376, 0.9964091213109041, 4.8874649553283716, 0.018835627767790315, 0.9989015601002327, -0.0429056214955104, -1.5491440864228936, -0.9970910740078578, 0.02193674052182575, 0.07299294177620025, 87.27371869538268], [0.06359932280772732, 0.041554016904823986, 0.9971100189133936, 5.367225655331596, 0.020338532513274186, 0.998871270867413, -0.04292468207136206, -1.5966518956029807, -0.9977681449615645, 0.02300973342935126, 0.06268238243300937, 87.2937987970547], [0.05569775364255107, 0.04207318343372358, 0.9975608289597792, 5.909487419857929, 0.02376989428757146, 0.9987727281267492, -0.04345146344842704, -1.626809927221622, -0.998164592174236, 0.026132062222993146, 0.054629316796240515, 87.3375166571032], [0.05041954809277013, 0.04223432004031677, 0.9978347214748788, 6.418427437294492, 0.02502767295983405, 0.9987382685386418, -0.04353718574567318, -1.6613388105930944, -0.9984143855942267, 0.027168604070543254, 0.04929890050873682, 87.33333550482931], [0.04595201006872529, 0.04315239490980236, 0.998011164057892, 6.943828611402446, 0.02715762436679133, 0.9986432917691888, -0.04443016141263819, -1.6852738568482577, -0.9985743220957835, 0.02914526509724325, 0.04471774562036418, 87.31112735135727], [0.0399541615345885, 0.04344453865615447, 0.9982565987946276, 7.502883369778218, 0.027053852169234442, 0.9986410340096085, -0.04454407115461071, -1.7320154537475883, -0.998835098750038, 0.028786405066276905, 0.038724519214213105, 87.3305653960135], [0.03578970516798483, 0.04366020002967212, 0.9984051702276756, 8.103383343892643, 0.029834810496950085, 0.998553233490031, -0.0447361595269047, -1.755524980269943, -0.9989138008301842, 0.03138832035371498, 0.03443532860852495, 87.33969412848701], [0.033260995181802644, 0.04380343872867244, 0.9984863368895219, 8.712001526969052, 0.03103739788350412, 0.9985119889608004, -0.04483846378021539, -1.7900115803503085, -0.9989645571857612, 0.032481786878657305, 0.031851954537125145, 87.33776354655426], [0.030193919150233475, 0.043592160217209984, 0.9985930356326057, 9.381653402653285, 0.03160841017087196, 0.9985072497675582, -0.04454414179327168, -1.8220317255548661, -0.9990440610913963, 0.032908897668872464, 0.02877096543808372, 87.35733343341073], [0.0274437960761305, 0.042942431554263215, 0.998700548527503, 10.048928599200044, 0.03351654454669371, 0.9984755818439933, -0.043853776381861345, -1.8656860460460813, -0.9990611991461447, 0.034676502531813966, 0.025962675764214845, 87.39035596497122], [0.0272691369972819, 0.04271622502300195, 0.9987150335742443, 10.722105998927162, 0.038184659022607884, 0.9983128777623783, -0.043741626731611, -1.891712397203833, -0.9988984564929992, 0.03932838597642885, 0.025592023608960623, 87.39706580648732], [0.028323309075440044, 0.0427919438348589, 0.9986824518864079, 11.41620246998409, 0.04157725478050867, 0.9981682279071044, -0.04394906917910173, -1.9183669130119219, -0.9987336594466972, 0.04276725401970502, 0.026492253053142227, 87.41092214448744], [0.030976895322891284, 0.04291135145631395, 0.99859854189376, 12.11893075183448, 0.042818600013725484, 0.9981038551462061, -0.044218342745376255, -1.9505047805671065, -0.9986024233717237, 0.04412833458094349, 0.029080751765419504, 87.422485975733], [0.03527166740673145, 0.043046612579698745, 0.9984502484469412, 12.81371588328329, 0.045571802092024126, 0.997963367122201, -0.04463550981232212, -1.977523464955158, -0.9983380794850325, 0.0470755417495346, 0.03323811696131652, 87.42850911767991], [0.03869818574309222, 0.04248744343811441, 0.9983472680236485, 13.607056978689549, 0.04430321078177734, 0.9980402406190511, -0.04419166911866594, -2.036925292949435, -0.9982682387919776, 0.045940122754015475, 0.0367400127996513, 87.50074077979177], [0.04297023803616018, 0.040919184354587836, 0.9982380372410516, 14.345558673713429, 0.04667130204751942, 0.997987895393861, -0.04291794744070154, -2.0629941935918032, -0.997985545468848, 0.048433259005039545, 0.040974021738245485, 87.5308123357783], [0.04768888159466893, 0.03959634428076579, 0.9980771012761716, 15.117017019836295, 0.047877983798260165, 0.9979748342716902, -0.04187993347425294, -2.083157559528319, -0.9977140222042191, 0.049783121973996314, 0.0456965060328537, 87.55388334965778], [0.05191233972208353, 0.03825648928494791, 0.9979186089116516, 15.899302183381728, 0.04719516407138401, 0.9980554864108344, -0.04071685809967946, -2.0840764244455654, -0.9975357268827695, 0.049210635405819034, 0.05000586920981961, 87.61107706653848], [0.05578803424278684, 0.037538565902087546, 0.9977367144218643, 16.68353661663456, 0.046162883233524236, 0.9981273540008947, -0.040134441652307194, -2.1040534295390234, -0.9973747963761773, 0.04829742070045306, 0.0539506692013316, 87.67323722119], [0.05878205116540648, 0.0383136584276996, 0.9975353297195392, 17.53407795573443, 0.04252255286467964, 0.9982601543565133, -0.04084723640569398, -2.160225605375737, -0.9973646795257068, 0.04481882913029088, 0.05705057922565804, 87.77538223038876], [0.06176590657642836, 0.042741820909564895, 0.9971750646351538, 18.36398167472963, 0.04059934701218517, 0.9981481643122876, -0.045298290278953955, -2.1917528379246867, -0.9972644919254191, 0.04328254259778491, 0.05991623028041254, 87.85147313419677], [0.06278969016974893, 0.047354337812624776, 0.996902714159567, 19.147795175202408, 0.033529909770870135, 0.9982097439480823, -0.04952829734468267, -2.2605211786282524, -0.9974632830008106, 0.036535921327242274, 0.061089487786551926, 87.90653152106317], [0.06265248616798413, 0.050286331217339456, 0.996767751720363, 19.96190150496444, 0.029849932398975404, 0.9981886417601696, -0.05223425118412067, -2.3170450392026805, -0.9975888173199323, 0.033026052883481496, 0.06103795040108462, 87.96449300835549], [0.06346929199894416, 0.04977711701762122, 0.9967416353271109, 20.742077892992814, 0.028157041201350173, 0.9982684204588772, -0.05164631395680658, -2.361555437953625, -0.9975864027418744, 0.03134324761983717, 0.06195780736257085, 87.98969579030195], [0.06354032350032225, 0.04758942137692742, 0.9968439568269851, 21.553909165536325, 0.02462522010284556, 0.9984834914830859, -0.0492373412222301, -2.4297721435752573, -0.9976753112730471, 0.02767605614696938, 0.06227205787821617, 88.04918297687874], [0.06340419101533339, 0.046075330096518215, 0.9969237546162618, 22.3717094006685, 0.024538496414260157, 0.9985596962517169, -0.047711583660655116, -2.4925558981469687, -0.9976861087790161, 0.0274881220731227, 0.06218224420433655, 88.1064939937962], [0.06349151736731326, 0.045759287427547694, 0.9969327534174588, 23.1745560835472